0.000000
0.000000
0.000000
0.000000
0.000000
0.000000
0.000000
0.000000
0.000000
0.000000
0.000000
0.000000
0.000000
0.000000
0.000000
0.000000
0.000000
0.000000
0.000000
0.000000
0.000000
0.000000
0.000000
0.000000
0.000000
0.000000
0.000000
0.000000
0.000000
0.000000
0.000000
0.000000
0.000000
0.000000
0.000000
0.000000
0.000000
0.000000
0.000000
0.000000
0.000000
0.000000
0.000000
0.000000
0.000000
0.000000
0.000000
0.000000
0.000000
0.000000
0.000000
0.000000
0.000000
0.000000
0.000000
0.000000
0.000000
0.000000
0.000000
0.000000
0.000000
0.000000
0.000000
0.000000
0.000000
0.000000
0.000000
0.000000
0.000000
0.000000
0.000000
0.000000
0.000000
0.000000
0.000000
0.000000
0.000000
0.000000
0.000000
0.000000
0.000000
0.000000
0.000000
0.000000
0.000000
0.000000
0.000000
0.000000
0.000000
0.000000
0.000000
0.000000
0.000000
0.000000
0.000000
0.000000
0.000000
0.000000
0.000000
0.000000
0.000000
0.000000
0.000000
0.000000
0.000000
0.000000
0.000000
0.000000
0.000000
0.000000
0.000000
0.000000
0.000000
0.000000
0.000000
0.000000
0.000000
0.000000
0.000000
0.000000
0.000000
0.000000
0.000000
0.000000
0.000000
0.000000
0.000000
0.000000
0.000000
0.000000
0.000000
0.000000
0.000000
0.000000
0.000000
0.000000
0.000000
0.000000
0.000000
0.000000
0.000000
0.000000
0.000000
0.000000
0.000000
0.000000
0.000000
0.000000
0.000000
0.000000
0.000000
0.000000
0.000000
0.000000
0.000000
0.000000
0.000000
0.000000
0.000000
0.000000
0.000000
0.000000
0.000000
0.000000
0.000000
0.000000
0.000000
0.000000
0.000000
0.000000
0.000000
0.000000
0.000000
0.000000
0.000000
0.000000
0.000000
0.000000
0.000000
0.000000
0.000000
0.000000
0.000000
0.000000
0.000000
0.000000
0.000000
0.000000
1.001605
2.004811
3.009633
4.016085
5.024161
6.033872
7.045199
8.058173
9.072788
10.089046
11.106915
12.126391
13.147463
14.170085
15.194234
16.219845
17.246849
18.275213
19.304869
20.335730
21.367712
22.400776
23.434851
24.469906
25.505810
26.542543
27.580069
28.618305
29.657162
30.696579
31.736526
32.776924
33.817722
34.858833
35.900219
36.941837
37.983604
39.025490
40.067451
41.109406
42.151360
43.193241
44.235050
45.276684
46.318169
47.359524
48.400742
49.441822
50.482712
51.523472
52.564198
53.604900
54.645687
55.686653
56.727993
57.769745
58.812145
59.855396
60.899723
61.945263
62.992420
64.041412
65.092529
66.146072
67.202293
68.261658
69.324196
70.390289
71.460251
72.534019
73.611961
73.694000
73.780090
73.870239
73.964287
74.062187
74.163551
74.268021
74.375435
74.485092
74.596611
74.709373
74.822784
74.936142
75.048744
75.159981
75.269005
75.375183
75.477768
75.576225
75.669701
75.757835
75.839951
75.915649
75.984543
76.046288
76.100662
76.147583
76.186813
76.218544
76.242714
76.259735
76.269676
76.272766
76.269569
76.260323
76.245605
76.225845
76.201530
76.173233
76.141373
76.106560
76.069405
76.030190
75.989594
75.948128
75.906059
75.863922
75.821922
75.780830
75.740662
75.701820
75.664520
75.629150
75.595779
75.564751
75.536163
75.510239
75.487015
75.466675
75.449364
75.435173
75.423996
75.416008
75.411209
75.409576
75.411049
75.415688
75.423370
75.433998
75.447395
75.463409
75.481903
75.502571
75.525208
75.549431
75.575020
75.601700
75.628876
75.656296
75.683395
75.709793
75.735100
75.758827
75.780502
75.799751
75.815819
75.828735
75.837814
75.842865
75.843536
75.839523
75.830688
75.816826
75.797836
75.773888
75.744835
75.710686
75.671715
75.628067
75.580162
75.527939
75.471931
75.412643
75.350281
75.285225
75.218010
75.149078
75.078804
75.007568
74.935905
74.864265
74.792923
74.722260
74.652695
74.584419
74.518059
74.453323
74.390709
74.330719
74.272858
74.217758
74.165268
74.115540
74.068649
74.024529
73.983208
73.944626
73.908768
73.875381
73.844696
73.816414
73.790520
73.766960
73.745392
73.726036
73.708420
73.692635
73.678551
73.665894
73.654846
73.645126
73.636543
73.629166
73.622765
73.617310
73.612816
73.609024
73.606033
73.603722
73.602020
73.600777
73.600174
73.600014
73.600189
73.601006
73.602173
73.603691
73.605553
73.607925
73.610580
73.613708
73.617317
73.621239
73.625671
73.630516
73.635818
73.641754
73.648239
73.655220
73.662910
73.671219
73.680298
73.690071
73.700699
73.712158
73.724503
73.737694
73.751991
73.767159
73.783401
73.800789
73.819298
73.838951
73.859589
73.881638
73.904823
73.929283
73.954887
73.981796
74.009972
74.039314
74.069962
74.101753
74.134697
74.168816
74.204109
74.240303
74.277527
74.315651
74.354729
74.394577
74.435158
74.476311
74.518066
74.560272
74.602882
74.645615
74.688683
74.731621
74.774635
74.817406
74.859993
74.902100
74.943840
74.984932
75.025414
75.065048
75.103897
75.141739
75.178604
75.214310
75.248810
75.282166
75.314194
75.344902
75.374207
75.402054
75.428513
75.453461
75.477058
75.499008
75.519592
75.538628
75.556404
75.572639
75.587524
75.601059
75.613281
75.624329
75.634201
75.642929
75.650421
75.657028
75.662682
75.667526
75.671364
75.674683
75.677155
75.679031
75.680405
75.681221
75.681625
75.681610
75.681404
75.680779
75.679832
75.678841
75.677620
75.676239
75.674667
75.672935
75.671143
75.669266
75.667206
75.665161
75.662811
75.660294
75.657616
75.654732
75.651505
75.648132
75.644249
75.640144
75.635551
75.630478
75.624847
75.618690
75.611893
75.604485
75.596237
75.587219
75.577347
75.566750
75.555214
75.542648
75.529114
75.514565
75.499168
75.482529
75.464874
75.446121
75.426361
75.405411
75.383385
75.360420
75.336243
75.311172
75.284935
75.257889
75.229889
75.201019
75.171219
75.140594
75.109344
75.077271
75.044785
75.011559
74.977882
74.943840
74.909348
74.874611
74.839500
74.804420
74.769142
74.733856
74.698570
74.663589
74.628700
74.593987
74.559563
74.525864
74.492104
74.459007
74.426498
74.394386
74.363136
74.332382
74.302544
74.273293
74.244728
74.217224
74.190460
74.164459
74.139458
74.115303
74.092018
74.069771
74.048592
74.028183
74.008804
73.990494
73.973061
73.956688
73.941124
73.926712
73.913300
73.900856
73.889229
73.878693
73.869118
73.860565
73.852814
73.846191
73.840515
73.835670
73.831772
73.828865
73.826889
73.825775
73.825569
73.826439
73.828094
73.830803
73.834122
73.838402
73.843712
73.849876
73.856834
73.864815
73.873581
73.883156
73.893639
73.904922
73.917091
73.930145
73.943970
73.958611
73.974190
74.990379
76.007484
77.025337
78.043915
79.063293
80.083290
81.104134
82.125694
83.147758
84.170700
85.194061
86.218063
87.242645
88.267868
89.293541
90.319626
91.346291
92.373383
93.400749
94.428581
95.456589
96.485062
97.513687
98.542580
99.571640
100.600807
101.629967
102.659355
103.688606
104.717911
105.747017
106.776260
107.805145
108.834122
109.862709
110.891075
111.919052
112.946754
113.974159
115.001266
116.027687
117.053810
118.079643
119.104759
120.129395
121.153526
122.177002
123.199974
124.222336
125.244003
126.265099
127.285744
128.305328
129.324524
130.343048
131.360748
132.377853
133.394470
134.410294
135.425232
136.439667
137.453690
138.466965
139.479797
140.492111
141.503983
142.515503
143.526840
144.537933
145.549164
146.560333
147.571915
148.584076
149.597046
150.610672
151.625473
152.641754
153.659592
154.679367
155.701309
156.725281
157.752167
158.781769
159.814194
160.849594
161.888321
162.930298
163.975311
165.023865
166.075546
167.130478
168.188400
169.249207
170.312424
171.377899
172.445312
173.514481
174.585251
175.656570
176.728424
177.800613
178.872025
179.942902
181.012955
182.081116
183.146927
184.210922
185.271973
186.329895
187.384460
188.435410
189.482315
190.525070
191.563522
192.597229
193.626160
194.650742
195.670105
196.684723
197.694565
198.699463
199.699371
200.695099
201.685913
202.672165
203.654480
204.632507
205.606842
206.577271
207.544754
208.508530
209.470352
210.428879
211.385284
212.340088
213.292664
214.244263
215.194641
216.144318
217.092987
218.041580
218.990112
219.938873
220.887985
221.837509
222.787476
223.738892
224.691223
225.644348
226.598785
227.555008
228.512100
229.470764
230.430771
231.392487
232.355392
233.319946
234.286301
235.253418
236.222351
237.192749
238.164505
239.137482
240.111923
241.087936
242.065109
243.043350
244.023407
245.004257
245.987213
246.971268
247.956940
248.944199
249.932632
250.923019
251.914948
252.909164
253.904572
254.902084
255.902100
256.904449
257.908508
258.915161
259.924286
260.935486
261.949432
262.966583
263.986206
265.008453
266.033478
267.061737
268.092804
269.126862
270.163971
271.203949
272.247131
273.292542
274.341248
275.393097
276.448090
277.505005
278.564789
279.627411
280.691650
281.759155
282.827881
283.898193
284.970917
286.045441
287.120911
288.197052
289.274567
290.352997
291.431488
292.509888
293.588501
294.666901
295.745148
296.822113
297.898132
298.973145
300.047455
301.118896
302.189667
303.258301
304.324554
305.389435
306.451324
307.511292
308.567963
309.622650
310.674835
311.723083
312.769806
313.813812
314.854645
315.892242
316.927277
317.959778
318.989777
320.016235
321.040253
322.061981
323.080963
324.096954
325.110809
326.122681
327.132324
328.139435
329.144806
330.148926
331.150421
332.150421
333.149261
334.146606
335.142853
336.138031
337.132446
338.124847
339.118225
340.109467
341.101044
342.091675
343.082275
344.071899
345.062134
346.051605
347.040863
348.030701
349.020447
350.009277
350.999023
351.989105
352.978149
353.967834
354.958557
355.948822
356.939240
357.930420
358.921753
359.913269
360.905579
361.897766
362.891418
363.885193
364.879089
365.874420
366.870422
367.867096
368.864868
369.862885
370.862427
371.862671
372.862732
373.864868
374.868896
375.871826
376.877197
377.883057
378.890564
379.898560
380.906036
381.915985
382.926025
383.937195
384.948303
385.960846
386.972809
387.985413
388.998291
390.011353
391.023895
392.036285
393.049194
394.059998
395.072479
396.082703
397.093018
398.101959
399.110413
400.117157
401.123474
402.127960
403.130890
404.132660
405.132446
406.130249
407.127533
408.122070
409.115204
410.104889
411.094208
412.081604
413.066528
414.048584
415.028900
416.008301
416.984680
417.959503
418.932465
419.902832
420.872101
421.838837
422.805084
423.769165
424.732788
425.694275
426.655548
427.616516
428.575287
429.535034
430.493896
431.452820
432.412628
433.372070
434.332947
435.295105
436.257965
437.222870
438.189453
439.158051
440.128815
441.103119
442.079681
443.058716
444.041443
445.028748
446.018616
447.012268
448.011261
449.014313
450.021301
451.033783
452.050964
453.072693
454.099457
455.131073
456.167633
457.209778
458.256989
459.308563
460.365112
461.427063
462.492767
463.563629
464.638550
465.717590
466.800354
467.886963
468.976196
470.068878
471.164307
472.262177
473.361053
474.462067
475.564270
476.668091
477.771484
478.876190
479.979340
481.082703
482.184906
483.286163
484.386078
485.483734
486.579620
487.673218
488.764282
489.852661
490.937927
492.020447
493.100067
494.175598
495.248596
496.317596
497.382629
498.445251
499.503937
500.559845
501.611084
502.659546
503.705658
504.746552
505.787231
506.822998
507.856476
508.886414
509.914001
510.940216
511.963776
512.984253
514.002747
515.020325
516.034668
517.047485
518.058716
519.068542
520.076660
521.083008
522.088623
523.092285
524.095337
525.097168
526.097778
527.097107
528.096008
529.092896
530.089417
531.084839
532.080322
533.073547
534.066345
535.059021
536.049988
537.041016
538.031128
539.021118
540.010376
540.998779
541.986694
542.974548
543.962463
544.949524
545.935913
546.923706
547.909485
548.897095
549.883667
550.870972
551.858276
552.845093
553.832764
554.820190
555.808289
556.795715
557.784485
558.773499
559.763062
560.753601
561.743225
562.734314
563.725952
564.718262
565.710571
566.704468
567.697021
568.692139
569.686279
570.681641
571.678223
572.674500
573.670471
574.668457
575.667786
576.665466
577.664978
578.663269
579.664185
580.663574
581.664673
582.666870
583.667480
584.669800
585.672058
586.674805
587.677673
588.682129
589.684265
590.689514
591.692871
592.696716
593.702209
594.706177
595.710022
596.715088
597.717773
598.722717
599.726440
600.729675
601.732910
602.735901
603.738586
604.739380
605.740479
606.742432
607.741089
608.739563
609.737366
610.734985
611.729858
612.724426
613.719177
614.710754
615.702637
616.692627
617.680847
618.668762
619.655579
620.640015
621.623962
622.608643
623.591553
624.571350
625.552368
626.533997
627.513855
628.493042
629.472595
630.451355
631.430725
632.410889
633.392517
634.372070
635.356079
636.337708
637.323547
638.309326
639.298218
640.286987
641.278809
642.273254
643.269104
644.267822
645.268311
645.273254
645.279907
645.289185
645.302307
645.318237
645.335632
645.357788
645.381470
645.409668
645.438721
645.471130
645.506714
645.543152
645.584595
645.627380
645.672119
645.718750
645.768433
645.820862
645.873108
645.927368
645.983337
646.040527
646.098816
646.158203
646.219177
646.281189
646.343384
646.406555
646.469421
646.533325
646.598938
646.663513
646.728088
646.793213
646.859131
646.923889
646.989990
647.054382
647.119507
647.184509
647.248596
647.314697
647.378113
647.440674
647.505127
647.567322
647.631104
647.692505
647.753418
647.814880
647.875793
647.934692
647.995178
648.051514
648.109253
648.164917
648.220154
648.274841
648.328735
648.380432
648.431152
648.481689
648.530273
648.577820
648.622986
648.666138
648.709412
648.750427
648.790222
648.826660
648.863403
648.896057
648.928711
648.959045
648.987122
649.014404
649.037476
649.059998
649.080200
649.098938
649.115784
649.130127
649.141296
649.154053
649.162720
649.169250
649.174866
649.177795
649.180542
649.181824
649.179871
649.178772
649.175110
649.170776
649.163513
649.156250
649.147949
649.138123
649.127075
649.116455
649.103333
649.089478
649.075867
649.061890
649.046570
649.029724
649.015320
648.997742
648.981628
648.963135
648.946716
648.927490
648.910278
648.891907
648.873413
648.856323
648.837341
648.819153
648.801270
648.783081
648.764099
648.747131
648.729919
648.711121
648.692627
648.675903
648.657715
648.638550
648.621704
648.602173
648.583008
648.563416
648.542297
648.520508
648.500122
648.477234
648.453613
648.428101
648.402344
648.375000
648.345093
648.314819
648.283508
648.249390
648.213562
648.176819
648.136780
648.095398
648.052368
648.006531
647.959961
647.911682
647.860901
647.808899
647.752930
647.698914
647.640625
647.581970
647.521118
647.459656
647.400146
647.336914
647.273132
647.209045
647.145691
647.081238
647.016602
646.953552
646.889893
646.827087
646.765259
646.703857
646.643982
646.584900
646.528870
646.472351
646.418152
646.365051
646.315552
646.265930
646.219971
646.176758
646.134888
646.093750
646.057800
646.022705
645.989319
645.960083
645.933411
645.909241
645.885620
645.866699
645.849121
645.834656
645.822632
645.813477
645.806824
645.802795
645.801025
645.800598
645.802979
645.809204
645.816101
645.824707
645.838196
645.851074
645.868347
645.886536
645.907532
645.928406
645.952942
645.979126
646.006348
646.036316
646.066528
646.099915
646.133789
646.168518
646.205444
646.244202
646.283752
646.324829
646.366821
646.409241
646.454590
646.499329
646.544312
646.590942
646.638245
646.687622
646.735718
646.785217
646.835999
646.886658
646.936951
646.987793
647.039001
647.091064
647.142883
647.193665
647.246460
647.297302
647.349304
647.401550
647.452209
647.503540
647.554321
647.604797
647.654053
647.703613
647.753479
647.801575
647.849304
647.896118
647.942932
647.988403
648.032837
648.076843
648.119690
648.161987
648.203613
648.244812
648.283386
648.320740
648.359131
648.394348
648.429077
648.463806
648.495728
648.526917
648.558228
648.586426
648.614014
648.640869
648.667542
648.690857
648.713867
648.735046
648.755798
648.775208
648.792603
648.808655
648.825623
648.838379
648.851624
648.863831
648.873535
648.883728
648.892273
648.899597
648.905457
648.911865
648.915466
648.917419
648.919800
648.920959
648.921021
648.919800
648.918091
648.914673
648.910706
648.906921
648.901672
648.894043
648.888489
648.878479
648.870667
648.860901
648.850830
648.839294
648.826904
648.814819
648.802124
648.787354
648.772217
648.756958
648.740051
648.724121
648.706665
648.687622
648.667908
648.647034
648.628235
648.606201
648.584351
648.560791
648.537537
648.512451
648.487244
648.459961
648.435425
648.407471
648.378174
648.349854
648.319824
648.288757
648.258850
648.225647
648.193115
648.158569
648.124146
648.089844
648.051575
648.015930
647.978760
647.940186
647.900757
647.862488
647.822021
647.781128
647.740662
647.699402
647.656799
647.613892
647.571289
647.529236
647.485107
647.443237
647.399109
647.356750
647.312012
647.268188
647.226013
647.182312
647.139282
647.097107
647.055054
647.011719
646.970337
646.930603
646.889404
646.849915
646.811646
646.773682
646.735474
646.700684
646.664856
646.631409
646.597107
646.566223
646.534302
646.505676
646.477722
646.451416
646.424805
646.401245
646.378113
646.357483
646.338318
646.320923
646.303772
646.289062
646.276184
646.264954
646.254944
646.245972
646.239380
646.234497
646.231079
646.229248
646.229065
646.231812
646.234314
646.239441
646.245911
646.252930
646.262939
646.273926
646.286682
646.300110
646.316650
646.333557
646.352478
646.371643
646.393372
646.415710
646.440430
646.463684
646.489868
646.518250
646.546631
646.576599
646.606445
646.639038
646.670410
646.703491
646.737488
646.772400
646.807068
646.843872
646.880066
646.917603
646.955872
646.994324
647.033386
647.072327
647.111511
647.151917
647.192505
647.232422
647.272034
647.312195
647.353638
647.393677
647.435730
647.475098
647.515320
647.554749
647.593994
647.634705
647.674377
647.712585
647.752075
647.789612
647.827148
647.864258
647.901428
647.937317
647.972839
648.007996
648.043091
648.076721
648.108887
648.142212
648.173645
648.204529
648.233521
648.263794
648.290405
648.318726
648.345276
648.371826
648.396240
648.420227
648.445007
648.465698
648.487244
648.507751
648.527771
648.545776
648.563904
648.579529
648.595215
648.610474
648.622986
648.637329
648.649536
648.660339
648.668823
648.678833
648.686890
648.693420
648.699524
648.703552
648.709473
648.712219
648.713379
648.715210
648.715576
648.715088
648.713928
648.711487
648.709351
648.703857
648.699036
648.693054
648.686890
648.677063
648.669189
648.660034
648.649658
648.639038
648.627930
648.615417
648.601257
648.587708
648.572144
648.556091
648.539612
648.521912
648.503784
648.484070
648.464539
648.443726
648.423584
648.401611
648.378479
648.355286
648.329956
648.306274
648.281555
648.255432
648.229431
648.200989
648.174072
648.145996
648.116760
648.087097
648.057983
648.027466
647.996277
647.965515
647.933350
647.901550
647.868896
647.837097
647.803162
647.770752
647.737427
647.703125
647.668701
647.635620
647.600586
647.566284
647.532349
647.497681
647.464478
647.430542
647.396301
647.361877
647.327759
647.293701
647.261169
647.228027
647.195984
647.162537
647.131592
647.098877
647.069458
647.038269
647.008545
646.979553
646.950806
646.923401
646.894897
646.870300
646.843628
646.818481
646.794373
646.770752
646.748596
646.727966
646.707031
646.687805
646.670776
646.651917
646.637024
646.619934
646.606567
646.593323
646.582275
646.570312
646.560791
646.553467
646.546021
646.539246
646.534546
646.531250
646.528748
646.526672
646.526184
646.528381
646.530457
646.533325
646.539246
646.543396
646.550598
646.558533
646.567871
646.578186
646.589966
646.601990
646.615234
646.630066
646.646118
646.661011
646.679810
646.697266
646.718262
646.738708
646.759277
646.780457
646.803223
646.827332
646.852295
646.875610
646.902771
646.929199
646.956482
646.983948
647.011658
647.039978
647.068115
647.098145
647.128784
647.158997
647.189697
647.220886
647.251404
647.283386
647.315491
647.347107
647.378174
647.410034
647.442505
0.000000
0.000000
0.000000
0.000000
0.000000
0.000000
0.000000
0.000000
0.000000
0.000000
0.000000
0.000000
0.000000
0.000000
0.000000
0.000000
0.000000
0.000000
0.000000
0.000000
0.000000
0.000000
0.000000
0.000000
0.000000
0.000000
0.000000
0.000000
0.000000
0.000000
0.000000
0.000000
0.000000
0.000000
0.000000
0.000000
0.000000
0.000000
0.000000
0.000000
0.000000
0.000000
0.000000
0.000000
0.000000
0.000000
0.000000
0.000000
0.000000
0.000000
0.000000
0.000000
0.000000
0.000000
0.000000
0.000000
0.000000
0.000000
0.000000
0.000000
0.000000
0.000000
0.000000
0.000000
0.000000
0.000000
0.000000
0.000000
0.000000
0.000000
0.000000
0.000000
0.000000
0.000000
0.000000
0.000000
0.000000
0.000000
0.000000
0.000000
0.000000
0.000000
0.000000
0.000000
0.000000
0.000000
0.000000
0.000000
0.000000
0.000000
0.000000
0.000000
0.000000
0.000000
0.000000
0.000000
0.000000
0.000000
0.000000
0.000000
0.000000
0.000000
0.000000
0.000000
0.000000
0.000000
0.000000
0.000000
0.000000
0.000000
0.000000
0.000000
0.000000
0.000000
0.000000
0.000000
0.000000
0.000000
0.000000
0.000000
0.000000
0.000000
0.000000
0.000000
0.000000
0.000000
0.000000
0.000000
0.000000
0.000000
0.000000
0.000000
0.000000
0.000000
0.000000
0.000000
0.000000
0.000000
0.000000
0.000000
0.000000
0.000000
0.000000
0.000000
0.000000
0.000000
0.000000
0.000000
0.000000
0.000000
0.000000
0.000000
0.000000
0.000000
0.000000
0.000000
0.000000
0.000000
0.000000
0.000000
0.000000
0.000000
0.000000
0.000000
0.000000
0.000000
0.000000
0.000000
0.000000
0.000000
0.000000
0.000000
0.000000
0.000000
0.000000
1.001756
2.005271
3.010537
4.017565
5.026342
6.036894
7.049188
8.063257
9.079073
10.096677
11.116036
12.137145
13.160044
14.184699
15.211129
16.239340
17.269327
18.301083
19.334618
20.369947
21.407043
22.445959
23.486649
24.529140
25.573420
26.619513
27.667416
28.717112
29.768616
30.821949
31.877136
32.934135
32.991352
33.048805
33.106522
33.164410
33.222652
33.281086
33.339767
33.398647
33.457806
33.517208
33.576855
33.636753
33.696915
33.757339
33.818008
33.878933
33.940121
34.001553
34.063278
34.125256
34.187489
34.250019
34.312840
34.375904
34.439270
34.502914
34.566845
34.631069
34.695629
34.760456
34.825619
34.891071
34.956833
35.022972
35.089394
35.156139
35.223217
35.290554
35.358147
35.426014
35.494030
35.562084
35.630177
35.698105
35.765724
35.832798
35.899128
35.964344
36.028118
36.089989
36.149536
36.206120
36.259125
36.307865
37.353138
38.394154
39.430084
40.460152
41.483631
42.500011
43.508961
44.510601
45.505676
46.495689
47.483158
48.471474
49.464840
50.467289
51.481834
52.509567
53.549404
54.598721
55.654442
56.713745
57.774433
58.834953
59.894085
60.951073
62.005146
63.055798
64.102531
65.145012
66.182861
66.214767
66.240448
66.259842
66.272827
66.279373
66.279350
66.272804
66.259750
66.240227
66.214371
66.182304
66.144173
66.100235
66.050705
65.995903
65.936089
65.871712
65.803116
65.730675
65.654861
65.576164
65.495010
65.411926
65.327370
65.241898
65.155975
65.070023
64.984612
64.900192
64.817162
64.736115
64.657455
64.581573
64.508919
64.439842
64.374855
64.314262
64.258469
64.207848
64.162697
64.123329
64.090042
64.063133
64.042778
64.029236
64.022568
64.022934
64.030418
64.044907
64.066505
64.094925
64.130112
64.171761
64.219513
64.273087
64.331955
64.395729
64.463623
65.535233
66.609947
67.686852
68.765343
69.844437
70.923439
72.001465
73.077637
74.151138
75.220993
76.286674
77.347168
78.401863
79.450081
80.491280
81.524956
82.550713
83.568100
84.577065
85.577408
86.569023
87.552086
88.526924
89.493538
90.452492
91.404045
92.348831
92.287201
92.219994
92.147865
92.071220
91.991074
91.908096
91.822815
91.735931
91.648399
91.560440
91.472855
91.386223
91.301048
91.217751
91.136589
91.058060
90.982559
90.910049
90.841003
90.775421
90.713295
90.654930
90.600136
90.548973
90.501549
90.457474
90.416756
90.379417
90.345184
90.314117
90.285904
90.260452
90.237534
90.217216
90.199120
90.183281
90.169685
90.158165
90.148506
90.141014
90.135475
90.131912
90.130394
90.131126
90.134003
90.139214
90.147079
90.157463
90.170845
90.187187
90.206886
90.229874
90.256493
90.286964
90.321236
90.359436
90.401711
90.448090
90.498360
90.552650
90.610634
90.672020
90.737053
90.804771
90.875229
90.947876
91.022194
91.097916
91.174362
91.250969
91.327423
91.402954
91.477234
91.549644
91.619781
91.687180
91.751495
91.812500
91.869644
91.922813
91.972038
92.016861
92.057304
92.093643
92.125534
92.153275
92.176964
92.196640
92.212677
92.225060
93.234375
94.240562
95.244011
96.245056
97.243881
98.240723
99.235847
100.229584
101.222015
102.213425
103.204140
104.194344
105.183968
106.173401
107.162735
108.151947
108.140953
108.130249
108.119598
108.109108
108.098686
108.088554
108.078560
108.068626
108.058975
108.049324
108.039787
108.030296
108.020767
108.011215
108.001633
107.991844
108.981857
109.971642
110.961044
111.950409
112.939194
113.927780
114.915878
115.903458
116.890678
117.877396
118.863983
119.849953
120.835510
120.820992
120.805908
120.790680
120.775261
120.759758
120.744095
120.728592
120.713058
120.697754
120.682724
120.667870
120.653496
120.639847
120.626701
120.614174
120.602486
120.591537
120.581566
120.572357
120.564445
120.557419
120.551445
120.546661
120.543053
120.540382
120.539032
120.538803
120.539719
120.541695
120.544624
120.548630
120.553566
120.559364
120.565865
120.573204
120.581001
120.589584
120.598373
120.607803
120.617233
120.627068
120.637024
120.646950
120.657104
120.667252
120.677162
120.687180
120.697014
120.706749
120.716454
120.726250
120.735909
120.745735
120.755737
120.765938
120.776596
121.787560
122.798988
123.810997
124.823540
125.836914
126.850929
127.865822
128.881332
129.897629
130.914612
131.932129
132.950211
133.968811
134.987457
136.006592
137.025223
138.044067
139.061951
140.079498
141.096436
142.111862
142.126068
142.139053
142.150513
142.160339
142.168365
142.174515
142.178665
142.181305
142.182022
142.180878
142.178543
142.174301
142.169083
142.162582
142.155136
142.147339
142.138687
142.129776
142.121292
142.112411
142.104309
142.096405
142.089142
142.082779
142.077087
142.072189
142.068588
142.065369
142.063217
142.061813
142.061096
142.061127
142.061722
142.062439
142.063492
142.065079
142.066223
142.067169
142.068146
142.068680
142.068649
142.068253
142.067139
142.065613
142.063309
142.060562
142.056839
142.052704
142.048019
142.042755
142.037140
142.031021
142.024948
142.018356
142.011734
143.005157
143.998459
144.992096
145.986176
146.980453
147.975113
148.970276
149.966125
150.962173
151.959427
152.957138
153.955429
154.954926
155.954971
155.955917
155.957932
155.961060
155.965042
155.970245
155.976456
155.983887
155.992661
156.002808
156.014328
156.027557
156.042297
156.058929
156.077164
156.097336
156.120087
156.144363
156.170914
156.199783
156.230972
156.264038
156.299683
156.337463
156.377136
156.419159
156.463013
156.508392
156.555664
156.603790
156.653229
156.703354
156.753555
156.804092
156.854218
156.903854
156.952164
156.998795
157.043961
157.086731
157.126617
157.163864
157.197327
157.227310
157.253571
157.275406
157.292999
157.306137
157.314636
157.318176
157.317139
157.311523
157.300995
157.286194
157.266708
157.243149
157.215744
157.184586
157.149704
157.111649
157.071136
157.027740
156.982162
156.934647
156.885910
156.835876
156.785095
156.733612
156.681992
156.630692
156.579697
156.529465
156.480347
157.432205
158.385757
159.340958
160.297607
161.256866
162.218231
163.182144
164.148178
165.117569
166.089310
167.064133
168.042191
169.023224
170.007477
170.995270
171.986481
172.981491
173.979584
174.981705
175.986847
176.996140
178.008667
179.025162
180.044586
180.067749
180.093948
180.123154
180.155228
180.189758
180.226929
180.266174
180.306686
180.349091
180.392670
180.436401
180.480927
180.525452
180.569336
180.612381
180.653976
180.694778
180.732895
180.769241
180.803162
180.834061
180.862350
180.887070
180.908569
180.926697
180.941467
180.952484
180.959641
180.963699
180.964127
180.961227
180.955170
180.945755
180.933914
180.918976
180.901566
180.882278
180.860596
180.837311
180.812317
180.786133
180.758896
180.730972
180.702347
180.673065
180.643661
180.614197
180.584930
180.556198
180.527542
180.499451
181.472382
182.445831
183.420044
184.395096
185.371094
186.348419
187.326477
188.305649
189.285919
190.267075
191.249298
192.232666
193.216995
194.202362
195.188614
196.175385
197.163773
198.152542
198.142624
198.133347
198.125122
198.117477
198.111160
198.105804
198.101044
198.097549
198.095108
198.093918
198.093872
198.095001
198.097839
198.101822
198.107742
198.115463
198.125122
198.136917
198.151077
198.167099
198.185684
198.207001
198.231308
198.258240
198.287979
198.320709
198.356705
198.395432
198.437729
198.482651
198.530777
198.581848
198.635727
198.691940
198.750931
198.811874
198.875061
198.940018
199.006424
199.073700
199.141602
199.210358
199.278748
199.346741
199.414398
199.480453
199.545273
199.608322
199.669052
199.726852
200.782135
201.834000
202.882431
203.927536
204.968185
206.004639
207.037064
208.065430
209.088608
210.107849
211.122482
212.132507
213.138275
214.139374
215.136688
216.129578
217.118790
218.104172
219.085724
220.064209
220.039581
220.011887
219.981445
219.949188
219.913712
219.877090
219.838425
219.798630
219.757050
219.714432
219.671524
219.627472
219.583130
219.538422
219.493729
219.449112
219.404510
219.360214
219.316742
219.273682
219.231201
219.189545
219.149246
219.109970
219.071426
219.034729
218.999359
218.965393
218.933136
218.902679
218.874176
218.847672
218.823257
218.801285
218.781677
218.764511
218.750000
218.738129
218.729187
218.723297
218.720459
218.720627
218.724091
218.730499
218.740570
218.753494
218.769821
218.789078
218.811386
218.836868
218.865051
218.895844
218.929352
218.964981
219.002472
219.041779
219.082367
220.124557
221.167343
222.210785
223.254303
224.298111
225.341003
226.383163
227.424301
228.464188
229.502182
230.537949
231.571564
232.602646
233.631027
234.656570
235.678787
236.697998
237.713699
238.727036
239.736053
240.742310
241.745224
241.744675
241.742020
241.736069
241.727356
241.716324
241.703430
241.688538
241.671906
241.654434
241.636032
241.617584
241.598755
241.580566
241.563629
241.548325
241.535461
241.525116
241.518738
241.516632
241.520096
241.528900
241.544434
241.567276
241.598114
241.637024
241.684723
241.741348
241.806793
241.881104
240.327744
240.241943
239.404175
238.228287
237.401688
236.744461
236.356476
235.903854
235.948227
235.980148
236.052643
235.943192
235.883194
235.729645
236.315643
236.849075
237.124023
237.293976
237.428360
237.478241
237.505768
237.649979
237.815018
237.907532
238.138260
238.421768
238.721115
239.036469
239.352402
239.754929
240.191330
240.585052
241.129501
241.595444
242.035660
242.478378
242.822815
243.244370
243.673080
244.082123
244.470490
244.862198
245.205200
245.592911
245.969376
246.334381
246.691040
247.030991
247.346832
247.635330
247.888611
248.100906
248.272293
248.400650
248.486664
248.533554
248.540268
248.511154
248.448090
248.353775
248.230148
248.080750
247.909424
247.718903
247.513718
247.297531
247.073532
246.845367
246.615463
246.388245
246.164780
245.948502
245.740570
245.542648
245.356949
245.184036
245.024826
244.879883
244.748932
244.633698
244.532578
244.445679
244.372879
244.314499
244.268402
244.235352
244.214218
244.204010
244.204193
244.213318
244.231857
244.257050
244.289459
244.325897
244.366180
244.409653
244.454117
244.500061
244.545563
244.590424
244.634094
244.676834
244.717484
244.756973
244.795334
244.833389
244.869507
244.904327
244.937363
244.966888
244.992294
245.010849
245.020370
245.018372
245.002502
244.969757
244.917038
244.843307
244.746368
244.625687
244.480438
244.311600
244.120926
243.911652
243.686737
243.451324
243.208969
242.965088
242.723068
242.488815
242.264404
242.053162
241.858093
241.681122
241.522186
241.382736
241.261230
241.159149
241.074905
241.007324
240.955002
240.917648
240.894165
240.883133
240.883835
240.895020
240.916870
240.946640
240.984848
241.030899
241.084061
241.143173
241.207428
241.277527
241.351639
241.428940
241.510254
241.593521
241.679367
241.766190
241.853958
241.941650
242.027740
242.110153
242.189682
242.267303
242.343246
242.420334
242.498932
242.578705
242.662415
242.748505
242.837494
242.928757
243.022079
243.114822
243.208206
243.301102
243.391327
243.477539
243.557739
243.626999
243.680145
243.715500
243.729111
243.722443
243.697342
243.654129
243.595810
243.526245
243.447281
243.359863
243.264236
243.161514
243.045776
242.913300
242.763275
242.594101
242.413147
242.221405
242.022995
241.818863
241.610275
241.401749
241.194672
240.991119
240.791092
240.592972
240.395416
240.198334
240.002884
239.812225
239.626633
239.449539
239.281219
239.122513
238.974594
238.837738
238.711075
238.596115
238.493256
238.399887
238.318420
238.247086
238.188751
238.143433
238.110535
238.090897
238.082428
238.085098
238.097351
238.116974
238.143036
238.172913
238.205521
238.238968
238.273849
238.307953
238.339706
238.366653
238.386536
238.397095
238.394897
238.380249
238.350555
238.306290
238.247101
238.174362
238.090836
237.997452
237.897964
237.795670
237.693604
237.594742
237.502853
237.419083
237.347504
237.288956
237.244537
237.214859
237.199829
237.199585
237.214767
237.241898
237.282303
237.332275
237.392151
237.458130
237.530228
237.606201
237.683838
237.761993
237.839157
237.913589
237.983322
238.048889
238.107758
238.159409
238.203568
238.238846
238.266602
238.284866
238.294388
238.294418
238.285965
238.269150
238.243881
238.211121
238.171463
238.125137
238.073410
238.016510
237.955704
237.891037
237.823837
237.754639
237.684402
237.612732
237.541412
237.469788
237.399872
237.330170
237.263031
237.196808
237.133163
237.071533
237.012924
236.956451
236.902802
236.852127
236.804504
236.759857
236.718842
236.680740
236.645676
236.614700
236.586258
236.561844
236.539612
236.520844
236.505020
236.491837
236.481735
236.473892
236.468079
236.464966
236.463409
236.463974
236.465820
236.469330
236.474030
236.479843
236.487381
236.495132
236.505035
236.515533
236.526962
236.539413
236.553818
236.569092
236.585602
236.604340
236.624054
236.645737
236.669403
236.695892
236.724640
236.755600
236.789597
236.827042
236.867050
236.911087
236.958572
237.010651
237.069183
237.134094
237.207932
237.289322
237.379517
237.476944
237.583221
237.697479
237.818039
237.945694
238.079010
238.217789
238.360245
238.506012
238.653839
238.802643
238.952118
239.100952
239.248413
239.394012
239.536133
239.674606
239.808273
239.937088
240.059845
240.175705
240.284698
240.386169
240.477570
240.559677
240.633087
240.699463
240.760223
240.816238
240.868500
240.916992
240.962189
241.004227
241.043869
241.080200
241.114075
241.146042
241.176636
241.205429
241.233200
241.260040
241.285034
241.311096
241.335251
241.360428
241.384827
241.408905
241.432907
241.456940
241.480896
241.504333
241.528000
241.550888
241.573975
241.595520
241.617920
241.639191
241.658844
241.678482
241.697403
241.714554
241.731186
241.746246
241.759979
241.771835
241.783279
241.792908
241.800751
241.807358
241.811752
241.814056
241.815765
241.814514
241.811203
241.807159
241.800278
241.791550
241.780746
241.767944
241.753433
241.736313
241.717743
241.696777
241.674667
241.650299
241.624222
241.596222
241.567581
241.537613
241.506042
241.473831
241.440216
241.406128
241.371750
241.336807
241.301605
241.266556
241.231094
241.196167
241.162018
241.128418
241.095169
241.062805
241.031815
241.002182
240.972748
240.945602
240.920212
240.895233
240.872864
240.851807
240.832230
240.814194
240.797775
240.783798
240.771301
240.760376
240.751022
240.743164
240.737427
240.732788
240.729813
240.728668
240.728333
240.729538
240.731659
240.735291
240.740036
240.746109
240.752945
240.759979
240.768356
240.777298
240.787628
240.797745
240.809036
240.820679
240.833099
240.845398
240.858307
240.871704
240.885040
240.898849
240.913467
240.927368
240.941330
240.956070
240.970169
240.984467
240.998856
241.013397
241.027664
241.041428
241.055557
241.068558
241.082413
241.095551
241.107986
241.120407
241.132446
241.143707
241.155212
241.166397
241.176788
241.187119
241.196960
241.206635
241.215546
241.224854
241.232910
241.241196
241.249542
241.256653
241.264236
241.271271
241.277985
241.284271
241.290939
241.297256
241.303024
241.308655
241.314560
241.319962
241.325241
241.330765
241.335754
241.340759
241.345520
241.349960
241.355469
241.359833
241.364212
241.368591
241.372940
242.376297
243.378830
244.380417
245.380966
246.381180
247.379333
248.377609
249.374054
250.369965
251.364944
252.359177
253.351898
254.344131
255.335022
256.325226
257.314514
258.303772
259.291229
260.277802
261.263428
262.248718
263.233276
264.216583
265.199463
266.181061
267.161865
268.141724
269.121124
270.099670
271.077942
272.054962
273.030609
274.006104
274.981049
275.954773
276.928314
277.900543
278.873688
279.844055
280.814819
281.785187
282.754730
283.723083
284.691284
285.659180
286.626343
287.592926
288.558929
289.524109
290.489746
291.453918
292.417938
293.382263
294.345947
295.308228
296.270386
297.232452
298.194183
299.154541
300.115662
301.075775
302.035461
302.995575
303.954285
304.913940
305.872070
306.830872
307.788971
308.746857
309.706146
310.664825
311.624542
312.585693
313.546753
314.509888
315.474518
316.441254
317.410126
318.382385
319.357422
320.336182
321.318542
322.304016
323.294708
324.289703
325.289673
326.294708
327.304291
328.318695
329.338348
330.361664
331.390472
332.423248
333.460297
334.500244
335.544037
336.590485
337.639435
338.690613
339.743622
340.797974
341.853882
342.909576
343.966003
345.021942
346.078522
347.134430
348.189392
349.243530
350.296173
351.348541
352.398804
353.447327
354.495880
355.541504
356.585449
357.627167
358.667145
359.705597
360.741455
361.776062
362.807861
363.837585
364.865509
365.892090
366.914703
367.936584
368.956421
369.974274
370.990753
372.003906
373.017029
374.027679
375.037354
376.045837
377.053192
378.059784
379.065857
380.071411
381.075897
382.081757
383.085571
384.090210
385.095581
386.101410
387.107025
388.113342
389.120026
390.127380
391.135468
392.145355
393.155579
394.166443
395.177856
396.190186
397.202881
398.216125
399.231079
400.246490
401.262909
402.277740
403.294128
404.311127
405.328674
406.345703
407.362854
408.380615
409.398102
410.415558
411.431641
412.449036
413.466370
414.483490
415.498871
416.515472
417.530884
418.547058
419.562439
420.577850
421.592377
422.607574
423.621704
424.635895
425.649139
426.662415
427.675964
428.688110
429.700684
430.712280
431.723450
432.735291
433.745850
434.755920
435.765320
436.774567
437.782166
438.790527
439.795898
440.801971
441.806732
442.810822
443.812927
444.814453
445.816467
446.814972
447.813019
448.810059
449.806458
450.800140
451.793030
452.786041
453.776581
454.766296
455.753784
456.742126
457.727051
458.712616
459.695129
460.677887
461.658966
462.639984
463.619720
464.596100
465.572174
466.547577
467.523163
468.495087
469.466919
470.437439
471.407257
472.374695
473.342102
474.307617
475.273102
476.237671
477.200500
478.162201
479.123383
480.083923
481.043793
482.004089
482.963348
483.923035
484.880829
485.840759
486.799377
487.759491
488.720337
489.680725
490.643616
491.607178
492.572174
493.539368
494.507507
495.477905
496.450531
497.425049
498.402344
499.382172
500.365417
501.350861
502.339813
503.331207
504.326172
505.323944
506.325897
507.330170
508.337341
509.349091
510.364044
511.381592
512.402283
513.425720
514.451721
515.481567
516.514709
517.548767
518.585510
519.623901
520.665771
521.708191
522.752686
523.799316
524.846924
525.895935
526.946350
527.997314
529.049744
530.101440
531.155396
532.209290
533.263733
534.318420
535.374634
536.429138
537.485229
538.540588
539.596497
540.652466
541.708618
542.765137
543.820862
544.876648
545.932617
546.986511
548.043884
549.098572
550.154358
551.208374
552.261841
553.315796
554.368591
555.420715
556.471863
557.521790
558.571777
559.619324
560.666504
561.713440
562.756287
563.798828
564.840454
565.878845
566.916870
567.953430
568.987122
570.019775
571.050354
572.078247
573.104919
574.128540
575.149780
576.169006
577.186707
578.203369
579.216675
580.228882
581.237976
582.246277
583.254028
584.257751
585.261414
586.262451
587.263794
588.262878
589.260071
590.257996
591.253967
592.248657
593.243530
594.237183
595.230957
596.223450
597.216553
598.210327
599.200378
600.193420
601.185730
602.179565
603.172119
604.166565
605.160889
606.155396
607.150635
608.148682
609.143616
610.142700
611.142578
612.143005
613.145508
614.147461
615.153320
616.159424
617.167358
618.178406
619.191101
620.204468
621.223022
622.240845
623.263123
624.288208
625.314575
626.344543
627.376587
628.415405
629.453796
630.494995
631.539917
632.590515
633.641357
634.695251
635.752319
636.811584
637.873535
638.936279
640.000671
641.067810
642.134644
643.202087
644.270203
645.336121
646.401917
647.468872
648.530090
649.589661
650.648010
651.702148
652.751648
653.797607
654.838196
655.873840
656.906006
657.930237
658.947571
659.959656
660.965515
661.966370
662.957397
663.944702
664.924988
665.898376
666.868042
667.829590
668.784546
669.734558
670.680237
671.623108
672.559692
673.491943
674.423096
675.348022
676.273315
677.196167
678.118652
679.040710
679.961853
680.884827
681.809937
682.736389
683.665405
684.599182
685.533081
686.473877
687.421143
688.370300
689.329956
690.294739
691.267395
692.246094
693.234680
694.230103
695.233704
696.245544
697.266602
698.295959
699.333862
700.381042
701.433594
702.495667
703.562439
704.636841
705.717712
706.803223
707.895447
708.987000
710.084106
711.182678
712.284241
713.385315
714.486267
715.586182
716.685242
717.783508
718.878540
719.971436
721.061157
722.148621
723.233643
724.311707
725.388428
726.462280
727.533569
728.601929
729.666138
730.727844
731.787292
732.846252
733.900024
734.952454
736.004822
737.054077
738.102051
739.151001
740.198303
741.243103
742.287842
743.329041
744.373230
745.415771
746.456665
747.500000
748.543823
749.590027
750.635925
751.684875
752.738403
753.793396
754.854614
755.918518
756.989502
758.063477
759.142456
760.227295
761.317017
762.408203
763.504395
764.604065
765.704651
766.803711
767.903137
769.001587
770.096313
771.186890
772.271118
773.350708
774.423584
775.486694
776.544678
777.591675
778.631775
779.663330
780.685730
781.698792
782.703918
783.703491
784.694153
785.676514
786.655457
787.626587
788.595154
789.555847
790.512268
791.468506
792.422302
793.371399
794.322205
795.271362
796.218689
797.167480
798.120667
799.073547
800.029602
800.986755
801.949951
802.916321
803.886597
804.862549
805.842896
806.828369
807.819702
808.816162
809.815918
810.822632
811.834351
812.848389
813.870422
814.893555
815.920288
816.950684
817.983704
819.016907
820.050232
821.087646
822.123718
823.157776
824.191895
825.225037
826.253906
827.283997
828.309631
829.334595
830.352722
831.374756
832.388123
833.401550
834.410461
835.418884
836.423157
837.426086
838.425415
839.420166
840.418579
841.410461
842.401794
843.394653
844.381897
845.368652
846.355530
847.341370
848.325195
849.309509
850.292358
851.274475
852.258423
853.238037
854.219055
855.199036
856.179504
857.157776
858.135437
859.114380
860.092224
861.068054
862.047729
863.025391
864.001160
864.979492
865.956055
866.932251
867.908020
868.885742
869.862122
870.837891
871.815125
872.793213
873.772156
874.748291
875.727356
876.707214
877.689026
878.668823
879.651978
880.636414
881.618469
882.605286
883.593506
884.582825
885.573853
886.564819
887.559937
888.555115
889.552734
890.552673
891.555542
892.560059
893.564331
894.572937
895.585388
896.596985
897.612610
898.631348
899.649292
900.671509
901.696228
902.721313
903.750854
904.783752
905.813171
906.849243
907.885071
908.924622
909.964355
911.006104
912.049927
913.094910
914.141907
915.189148
916.238953
917.288513
918.341431
919.393677
920.448120
921.502197
922.560181
923.615051
924.672180
925.727661
926.788391
927.846558
928.906067
929.965454
931.025513
932.086426
933.147095
934.206238
935.268616
936.329407
937.390320
938.450989
939.512024
940.573181
941.633972
942.695557
943.754028
944.817444
945.876892
946.937622
947.997620
949.056946
950.114868
951.173462
952.231506
953.287598
954.346252
955.401917
956.457275
957.512146
958.564331
959.617126
960.669250
961.719604
962.768127
963.818481
964.864136
965.909668
966.953430
967.995911
969.038208
970.077759
971.115173
972.151062
973.184875
974.218994
975.249329
976.278931
977.306396
978.333374
979.358337
980.380066
981.399048
982.420410
983.437439
984.452637
985.467163
986.480774
987.492065
988.501404
989.510681
990.516846
991.525635
992.527771
993.534851
994.537720
995.540344
996.541138
997.543701
998.545471
999.544495
1000.544739
1001.544434
1002.543457
1003.542847
1004.541687
1005.540649
1006.539795
1007.536926
1008.535767
1009.537415
1010.535950
1011.535034
1012.534546
1013.532898
1014.532837
1015.535461
1016.533020
1017.534546
1018.535156
1019.534424
1020.535645
1021.536865
1022.538391
1023.538269
1024.539917
1025.539307
1026.542236
1027.541748
1028.543213
1029.544067
1030.544067
1031.543335
1032.545532
1033.543335
1034.541626
1035.541138
1036.540161
1037.537720
1038.535767
1039.534668
1040.530273
1041.526245
1042.521729
1043.518188
1044.514038
1045.508057
1046.501465
1047.495972
1048.487427
1049.480103
1050.473633
1051.465820
1052.454712
1053.445312
1054.434082
1055.424805
1056.415039
1057.404663
1058.393799
1059.382446
1060.370605
1061.358765
1062.347778
1063.335938
1064.325684
1065.312256
1066.301270
1067.290405
1068.278687
1069.267456
1070.255859
1071.244141
1072.235352
1073.226440
1074.215698
1075.205811
1076.198730
1077.189941
1078.183228
1079.177490
1080.171997
1081.165039
1082.162720
1083.160889
1084.156128
1085.155884
1086.154175
1087.156006
1088.159058
1089.161499
1090.163940
1091.169800
1092.175293
1093.183350
1094.191650
1095.201904
1096.213257
1097.226318
1098.239624
1099.256348
1100.272461
1101.289062
1102.310059
1103.328979
1104.349609
1105.373657
1106.396484
1107.421875
1108.448608
1109.475952
1110.504395
1111.535034
1112.563354
1113.599609
1114.633545
1115.667725
1116.699219
1117.738281
1118.776001
1119.815063
1120.855835
1121.897949
1122.937378
1123.979980
1125.023071
1126.067261
1127.109985
1128.158325
1129.200073
1130.248291
1131.293823
1132.342529
1133.391602
1134.437622
1135.485718
1136.536133
1137.586304
1138.634644
1139.682861
1140.731323
1141.778320
1142.827515
1143.876099
1144.924805
1145.970093
1147.013428
1148.059204
1149.102173
1150.142456
1151.187256
1152.227661
1153.264893
1154.302368
1155.340088
1156.373901
1157.407837
1158.438599
1159.469971
1160.501343
1161.530273
1162.558838
1163.588623
1164.612915
1165.640503
1166.668091
1167.696289
1168.720337
1169.749512
1170.774780
1171.802612
1172.831055
1173.858521
1174.888550
1175.918091
1176.948853
1177.978394
1179.007568
1180.038696
1181.068237
1182.100830
1183.129639
1184.161743
1185.191162
1186.219971
1187.250854
1188.280762
1189.306519
1190.335693
1191.361450
1192.385864
1193.413330
1194.439819
1195.458984
1196.484619
1197.501465
1198.523438
1199.542725
1200.558594
1201.578125
1202.592896
1203.604736
1204.618408
1205.630127
1206.643433
1207.655029
1208.661743
1209.673218
1210.680176
1211.687988
1212.695435
1213.702637
1214.709106
1215.717163
1216.723145
1217.727417
1218.734375
1219.741699
1220.748169
1221.755493
1222.762817
1223.770142
1224.778564
1225.789062
1226.799072
1227.807007
1228.819702
1229.830933
1230.841553
1231.851318
1232.861450
1233.875244
1234.882202
1235.895508
1236.907959
1237.915649
1238.924072
1239.930054
1240.937988
1241.942749
1242.945557
1243.948486
1244.947144
1245.948975
1246.945557
1247.939941
1248.935913
1249.929321
1250.919800
1251.910156
1252.899170
1253.888306
1254.873779
1255.859985
1256.842651
1257.829102
1258.813110
1259.797363
1260.782837
1261.764648
1262.748291
1263.733521
1264.715332
1265.698853
1266.684082
1267.667969
1268.657104
1269.643677
1270.627930
1271.618652
1272.606201
1273.596680
1274.587524
1275.577637
1276.567749
1277.562378
1278.552979
1279.549072
1280.544434
1281.541138
1282.538452
1283.534424
1284.532471
1285.535889
1286.535767
1287.537231
1288.540527
1289.545288
1290.547363
1291.552612
1292.558960
1293.567871
1294.574463
1295.584229
1296.598145
1297.607056
1298.616699
1299.632080
1300.646118
1301.660400
1302.674561
1303.694702
1304.711914
1305.728760
1306.747681
1307.770142
1308.790771
1309.812866
1310.834351
1311.858032
1312.884644
1313.910400
1314.937256
1315.962402
1316.992676
1318.020996
1319.049561
1320.079224
1321.108887
1322.141602
1323.171387
1324.202881
1325.239014
1326.271240
1327.305908
1328.337036
1329.377686
1330.413940
1331.448120
1332.482300
1333.519897
1334.554321
1335.592041
1336.627930
1337.666016
1338.703247
1339.739258
1340.779175
1341.814331
1342.849976
1343.891724
1344.925781
1345.964844
1347.002563
1348.041382
1349.074585
1350.116455
1351.151367
1352.186157
1353.224365
1354.259521
1355.292725
1356.329712
1357.366577
1358.401611
1359.437134
1360.473022
1361.506348
1362.540527
1363.574341
1364.607788
1365.641113
1366.672729
1367.705566
1368.737915
1369.772095
1370.802002
1371.834229
1372.863647
1373.895874
1374.923706
1375.954224
1376.982422
1378.011719
1379.042358
1380.065918
1381.098389
1382.125122
1383.151245
1384.176270
1385.203735
1386.229126
1387.254517
1388.278809
1389.303833
1390.327393
1391.349243
1392.371948
1393.393921
1394.415771
1395.440186
1396.460327
1397.481079
1398.499878
1399.518555
1400.537109
1401.557617
1402.576172
1403.593750
1404.612305
1405.627319
1406.646240
1407.662964
1408.678101
1409.693237
1410.706909
1411.719849
1412.735840
1413.747925
1414.760742
1415.775635
1416.787476
1417.799438
1418.811157
1419.819580
1420.832520
1421.842041
1422.853149
1423.859619
1424.871582
1425.882080
1426.884033
1427.892944
1428.903809
1429.908081
1430.913940
1431.920166
1432.925537
1433.930298
1434.936768
1435.938843
1436.942383
1437.949219
1438.951782
1439.950806
1440.956055
1441.955933
1442.958740
1443.956787
1444.952881
1445.954956
1446.953735
1447.952271
1448.951294
1449.951782
1450.946655
1451.948364
1452.942993
1453.938843
1454.934448
1455.934448
1456.928711
1457.923462
1458.920288
1459.915283
1460.914795
1461.906616
1462.900513
1463.894897
1464.893555
1465.883789
1466.880493
1467.876831
1468.869751
1469.865234
1470.862549
1471.854492
1472.852905
1473.850586
1474.843628
1475.839478
1476.837646
1477.834839
1478.834351
1479.832275
1480.832520
1481.830444
1482.828857
1483.827148
1484.830566
1485.830933
1486.835693
1487.834106
1488.839722
1489.843506
1490.846191
1491.849609
1492.858276
1493.865601
1494.871704
1495.880371
1496.889771
1497.896362
1498.905518
1499.917969
1500.925781
1501.938965
1502.954468
1503.965698
1504.980347
1505.995605
1507.013428
1508.027710
1509.044189
1510.064941
1511.081055
1512.100708
1513.118774
1514.141479
1515.160767
1516.183228
1517.204956
1518.226074
1519.253052
1520.274170
1521.297974
1522.324097
1523.351685
1524.375366
1525.403564
1526.433228
1527.457764
1528.485840
1529.514404
1530.544312
1531.574219
1532.603882
1533.633179
1534.667236
1535.693115
1536.723389
1537.755981
1538.787720
1539.817993
1540.851318
1541.882080
1542.916504
1543.948730
1544.980835
1546.012817
1547.046875
1548.078735
1549.111816
1550.146118
1551.175415
1552.208984
1553.245972
1554.275024
1555.306396
1556.343140
1557.374878
1558.409302
1559.439697
1560.474365
1561.505981
1562.539307
1563.569580
1564.600098
1565.635864
1566.666504
1567.697876
1568.728882
1569.756714
1570.786499
1571.816406
1572.846069
1573.875732
1574.905151
1575.933594
1576.963867
1577.992188
1579.018433
1580.047974
1581.075806
1582.101929
1583.130249
1584.155640
1585.181152
1586.207764
1587.230103
1588.259155
1589.286133
1590.303955
1591.331909
1592.355103
1593.373535
1594.399902
1595.419312
1596.442993
1597.465820
1598.486328
1599.508911
1600.529419
1601.548950
1602.567993
1603.588379
1604.607544
1605.624756
1606.642090
1607.659302
1608.677856
1609.695557
1610.710205
1611.729614
1612.744995
1613.765259
1614.782227
1615.799805
1616.816162
1617.836182
1618.855347
1619.872192
1620.894531
1621.914185
1622.932129
1623.957275
1624.974731
1625.996216
1627.020020
1628.042114
1629.066284
1630.086060
1631.109985
1632.131226
1633.152954
1634.173462
1635.191284
1636.206787
1637.221191
1638.238525
1639.250854
1640.260986
1641.267822
1642.276855
1643.282959
1644.290283
1645.288452
1646.289429
1647.287720
1648.285278
1649.284302
1650.279663
1651.273926
1652.262939
1653.254517
1654.247192
1655.239380
1656.228760
1657.218750
1658.206787
1659.192749
1660.184326
1661.173584
1662.164185
1663.151245
1664.142822
1665.132690
1666.121338
1667.114258
1668.106079
1669.100586
1670.091064
1671.085449
1672.079346
1673.075928
1674.069458
1675.066406
1676.061401
1677.058838
1678.055176
1679.051514
1680.054810
1681.053955
1682.051880
1683.050659
1684.051514
1685.054565
1686.058228
1687.058472
1688.060791
1689.068359
1690.070557
1691.076294
1692.081787
1693.088501
1694.095459
1695.103882
1696.111694
1697.114868
1698.125854
1699.137939
1700.144287
1701.154907
1702.167236
1703.176636
1704.192017
1705.202637
1706.216797
1707.228271
1708.242798
1709.258179
1710.271484
1711.288818
1712.303711
1713.321533
1714.338257
1715.356445
1716.374268
1717.393677
1718.415527
1719.432495
1720.454468
1721.475708
1722.497070
1723.520752
1724.539429
1725.560059
1726.586304
1727.609253
1728.630615
1729.658813
1730.681030
1731.706299
1732.731567
1733.758057
1734.782837
1735.809814
1736.838013
1737.862061
1738.889282
1739.920166
1740.946411
1741.970581
1743.001099
1744.029663
1745.055542
1746.089722
1747.115479
1748.143799
1749.171997
1750.201416
1751.230835
1752.261475
1753.289551
1754.321655
1755.349121
1756.376953
1757.407471
1758.436279
1759.466553
1760.496704
1761.525635
1762.556274
1763.584351
1764.613647
1765.642700
1766.667358
1767.700317
1768.731201
1769.757812
1770.788086
1771.815674
1772.847656
1773.871094
1774.900024
1775.930664
1776.953613
1777.981567
1779.011719
1780.037231
1781.066650
1782.094116
1783.118286
1784.146851
1785.170898
1786.198242
1787.223633
1788.249023
1789.274292
1790.298828
1791.323730
1792.347168
1793.370605
1794.392212
1795.420166
1796.444336
1797.466919
1798.489746
1799.513062
1800.537109
1801.553345
1802.578491
1803.599487
1804.621948
1805.642822
1806.664429
1807.684937
1808.705322
1809.725464
1810.745239
1811.768066
1812.788208
1813.803589
1814.829102
1815.848145
1816.863647
1817.882202
1818.901611
1819.915894
1820.935059
1821.953369
1822.967407
1823.985840
1824.998779
1826.017456
1827.031250
1828.047363
1829.061646
1830.071899
1831.087891
1832.099976
1833.114258
1834.126587
1835.134277
1836.147949
1837.158203
1838.164429
1839.177124
1840.184448
1841.192627
1842.203613
1843.208740
1844.217285
1845.221191
1846.228027
1847.234009
1848.237793
1849.242065
1850.246094
1851.247925
1852.253784
1853.254517
1854.257324
1855.257568
1856.259521
1857.261719
1858.259277
1859.265259
1860.262207
1861.262939
1862.264648
1863.263794
1864.263672
1865.263062
1866.260864
1867.261597
1868.260986
1869.260254
1870.260010
1871.260620
1872.258911
1873.258179
1874.260254
1875.258789
1876.258423
1877.258179
1878.256836
1879.259644
1880.260254
1881.260254
1882.260376
1883.263672
1884.266113
1885.271606
1886.273804
1887.276489
1888.279663
1889.278198
1890.285400
1891.290527
1892.296875
1893.300903
1894.305786
1895.311646
1896.317505
1897.322998
1898.331177
1899.337158
1900.341187
1901.347778
1902.356689
1903.359253
1904.365601
1905.365845
1906.369507
1907.371216
1908.372070
1909.370239
1910.370361
1911.370850
1912.364136
1913.357910
1914.350098
1915.343140
1916.331787
1917.318848
1918.309937
1919.295776
1920.284180
1921.273193
1922.256470
1923.241455
1924.231445
1925.218262
1926.209961
1927.198853
1928.189941
1929.186279
1930.180298
1931.180786
1932.182007
1933.185303
1934.197144
1935.207886
1936.219849
1937.237915
1938.258911
1939.281494
1940.308838
1941.337036
1942.370605
1943.405884
1944.444824
1945.484863
1946.529419
1947.572510
1948.618286
1949.666504
1950.717896
1951.770874
1952.814453
1953.869629
1954.925293
1955.974243
1957.025635
1958.083130
1959.131958
1960.182373
1961.238647
1962.286499
1963.333618
1964.385498
1965.428711
1966.476440
1967.524658
1968.565552
1969.611938
1970.654175
1971.695923
1972.736572
1973.775635
1974.815063
1975.850098
1976.888184
1977.926758
1978.954956
1979.991821
1981.024414
1982.053711
1983.086792
1984.118408
1985.148315
1986.177124
1987.203491
1988.233154
1989.260986
1990.289673
1991.316650
1992.340088
1993.367676
1994.395996
1995.417847
1996.442505
1997.465698
1998.489868
1999.516479
2000.537842
2001.557983
2002.585693
2003.606689
2004.625977
2005.650513
2006.673218
2007.688721
2008.712769
2009.730957
2010.755005
2011.769897
2012.791504
2013.814941
2014.827637
2015.849243
2016.867310
2017.885864
2018.906616
2019.920776
2020.937744
2021.957031
2022.969727
2023.985596
2024.999023
2026.016846
2027.030884
2028.044678
2029.061768
2030.075195
2031.088013
2032.099365
2033.111938
2034.126343
2035.139771
2036.149536
2037.160889
2038.175049
2039.183105
2040.190796
2041.203247
2042.209717
2043.220337
2044.230835
2045.236450
2046.246338
2047.256958
2048.261719
2049.268555
2050.275879
2051.284912
2052.291260
2053.296143
2054.301758
2055.304932
2056.314941
2057.317383
2058.323242
2059.328857
2060.331299
2061.336182
2062.344238
2063.344727
2064.350830
2065.353760
2066.354736
2067.357178
2068.365479
2069.368896
2070.369629
2071.374268
2072.376221
2073.375000
2074.380127
2075.383545
2076.381592
2077.388184
2078.389160
2079.391602
2080.395996
2081.396973
2082.398682
2083.398193
2084.401611
2085.405762
2086.405273
2087.407471
2088.409424
2089.413574
2090.413086
2091.414307
2092.414551
2093.415771
2094.416260
2095.419189
2096.419434
2097.418213
2098.423340
2099.419922
2100.422363
2101.427734
2102.422852
2103.426514
2104.423096
2105.428955
2106.428223
2107.430664
2108.432373
2109.430664
2110.432861
2111.436035
2112.437988
2113.440430
2114.441895
2115.445312
2116.448730
2117.450195
2118.451904
2119.456055
2120.465820
2121.466309
2122.471436
2123.478271
2124.486084
2125.495117
2126.503174
2127.514160
2128.521973
2129.530029
2130.546143
2131.559814
2132.570068
2133.584717
2134.597900
2135.612793
2136.630371
2137.647949
2138.667236
2139.684814
2140.707275
2141.727295
2142.749023
2143.773438
2144.794922
2145.819824
2146.849365
2147.871826
2148.898926
2149.932129
2150.957764
2151.990234
2153.012451
2154.044189
2155.075439
2156.110596
2157.142334
2158.174316
2159.210205
2160.241211
2161.276123
2162.310303
2163.344482
2164.378906
2165.416748
2166.448242
2167.483643
2168.516113
2169.553223
2170.590332
2171.623779
2172.657959
2173.696045
2174.731201
2175.762207
2176.798828
2177.834229
2178.864746
2179.903809
2180.935547
2181.971436
2183.000000
2184.035156
2185.067139
2186.096924
2187.129639
2188.159668
2189.189453
2190.223389
2191.249268
2192.280518
2193.306885
2194.339111
2195.363037
2196.392822
2197.417480
2198.448486
2199.473389
2200.502686
2201.524170
2202.550781
2203.574951
2204.601562
2205.623779
2206.645752
2207.670654
2208.690430
2209.716064
2210.739990
2211.760498
2212.784912
2213.804688
2214.822998
2215.843262
2216.860107
2217.884277
2218.900635
2219.916748
2220.936279
2221.954346
2222.969238
2223.991699
2225.005371
2226.024658
2227.037842
2228.053467
2229.068115
2230.083496
2231.101318
2232.110352
2233.129150
2234.142578
2235.153564
2236.164551
2237.179199
2238.193848
2239.203857
2240.217773
2241.227783
2242.240723
2243.254883
2244.262207
2245.273193
2246.285400
2247.292725
2248.299805
2249.312744
2250.320557
2251.331299
2252.337158
2253.345947
2254.353027
2255.363037
2256.365967
2257.375488
2258.384277
2259.386963
2260.396973
2261.401123
2262.406982
2263.411621
2264.418701
2265.428711
2266.429932
2267.435059
2268.442383
2269.445801
2270.450439
2271.459229
2272.459961
2273.466797
2274.468506
2275.475342
2276.479004
2277.481689
2278.484619
2279.485596
2280.493408
2281.495117
2282.500977
2283.508545
2284.505127
2285.509521
2286.511963
2287.515137
2288.517822
2289.521484
2290.524902
2291.527588
2292.531982
2293.533936
2294.535400
2295.533447
2296.544434
2297.544189
2298.543213
2299.550781
2300.551758
2301.555420
2302.558105
2303.563477
2304.568359
2305.572021
2306.578369
2307.579346
2308.584961
2309.591797
2310.595215
2311.600342
2312.605713
2313.610840
2314.617676
2315.620605
2316.627197
2317.631592
2318.641113
2319.654053
2320.657471
2321.667236
2322.674561
2323.685791
2324.695312
2325.706787
2326.717285
2327.727539
2328.740967
2329.751953
2330.766846
2331.778320
2332.789062
2333.806396
2334.825439
2335.839355
2336.854736
2337.870117
2338.891602
2339.906982
2340.923828
2341.942383
2342.959717
2343.977295
2345.001709
2346.020996
2347.041992
2348.065918
2349.082764
2350.109375
2351.129639
2352.157227
2353.178467
2354.203125
2355.227051
2356.252197
2357.279297
2358.305420
2359.327881
2360.354492
2361.383789
2362.413330
2363.441650
2364.471191
2365.499512
2366.526367
2367.553223
2368.582275
2369.613770
2370.643799
2371.671631
2372.702637
2373.730713
2374.763672
2375.794678
2376.821289
2377.852539
2378.878418
2379.910400
2380.943115
2381.969482
2383.001221
2384.029053
2385.054199
2386.086670
2387.118652
2388.148926
2389.172607
2390.200684
2391.226807
2392.254395
2393.283936
2394.314941
2395.345215
2396.368896
2397.398438
2398.427979
2399.452881
2400.474854
2401.500244
2402.527100
2403.550293
2404.579346
2405.599854
2406.624023
2407.649902
2408.678223
2409.696777
2410.721680
2411.742188
2412.766113
2413.791992
2414.806396
2415.829346
2416.852539
2417.873047
2418.889648
2419.907959
2420.926758
2421.949951
2422.965576
2423.984619
2425.004883
2426.022461
2427.040283
2428.053467
2429.073730
2430.091064
2431.103027
2432.125977
2433.140381
2434.151367
2435.168457
2436.183838
2437.197998
2438.212891
2439.222656
2440.238770
2441.253662
2442.268311
2443.275879
2444.287354
2445.306152
2446.310547
2447.324219
2448.336914
2449.346680
2450.358398
2451.367432
2452.379395
2453.389404
2454.397217
2455.410889
2456.420898
2457.426270
2458.434814
2459.447510
2460.453369
2461.463379
2461.469238
2461.478271
2461.486084
2461.490479
2461.495850
2461.503174
2461.514160
2461.518799
2461.528809
2461.533936
2461.536865
2461.545166
2461.553223
2461.554688
2461.559326
2461.566650
2461.572998
2461.581055
2461.584961
2461.589355
2461.591553
2461.597900
2461.605713
2461.612061
2461.613770
2461.620117
2461.622559
2461.633057
2461.635498
2461.637207
2461.643311
2461.650391
2461.652344
2461.656738
2461.666504
2461.669922
2461.674805
2461.681396
2461.685303
2461.690674
2461.699219
2461.701416
2461.707520
2461.713135
2461.726318
2461.728516
2461.733887
2461.742432
2461.749512
2461.751953
2461.761230
2461.769287
2461.774414
2461.785645
2461.791992
2461.799805
2461.808838
2461.818115
2461.827881
2461.837402
2461.844482
2461.852539
2461.861572
2461.870605
2461.879395
2461.885254
2461.896729
2461.903076
2461.904297
2461.909912
2461.913086
2461.908203
2461.911377
2461.905273
2461.893799
2461.886230
2461.876953
2461.855957
2461.835693
2461.815674
2461.787598
2461.754639
2461.724854
2461.682861
2461.635986
2461.594482
2461.547119
2461.492920
2461.441650
2461.384521
2461.321777
2461.264160
2461.199951
2461.140381
2461.071045
2461.011475
2460.947510
2460.887939
2460.820801
2460.764404
2460.709717
2460.645264
2460.593018
2460.543701
2460.495361
2460.452637
2460.406250
2460.365234
2460.336914
2460.302490
2460.271729
2460.247070
2460.222412
2460.205322
2460.189209
2460.181396
2460.166504
2460.161621
2460.160156
2460.152588
2460.155762
2460.159180
2460.163574
2460.171875
2460.182861
2460.196777
2460.204834
2460.216064
2460.234863
2460.246338
2460.265869
2460.283936
2460.304199
2460.319824
2460.339600
2460.360107
2460.378174
2461.407959
2462.424316
2463.447021
2464.464844
2465.487061
2466.513916
2467.529297
2468.551514
2469.577148
2470.596191
2471.614258
2472.641846
2473.660400
2474.679688
2475.707031
2476.724854
2477.745605
2478.768311
2479.784668
2480.803711
2481.827881
2482.847900
2483.865234
2484.881592
2485.902588
2486.921631
2487.937988
2488.956543
2489.975342
2490.988525
2492.009766
2493.028809
2494.042969
2495.063965
2496.072998
2497.092285
2498.104980
2499.122314
2500.142334
2501.150635
2502.166748
2503.182861
2504.197754
2505.209473
2506.224365
2507.237549
2508.244629
2509.261719
2510.276123
2511.285156
2512.293213
2513.305176
2514.318604
2515.330322
2516.340332
2517.349609
2518.360596
2519.372070
2520.381104
2521.392578
2522.398438
2523.411621
2524.418213
2525.428467
2526.435791
2527.445801
2528.452881
2529.460449
2530.468018
2531.481934
2532.485107
2533.494873
2534.501953
2535.511230
2536.519775
2537.529541
2538.541260
2539.549805
2540.560059
2541.571289
2542.587402
2543.603760
2544.613525
2545.634766
2546.649902
2547.670898
2548.693848
2549.719482
2550.749512
2551.776367
2552.809814
2553.849365
2554.883301
2555.929443
2556.974609
2558.024658
2559.077881
2560.134521
2561.198242
2562.258057
2563.329346
2564.393555
2565.463867
2566.536377
2567.619141
2568.696533
2569.773926
2570.857178
2571.940186
2573.018066
2574.101807
2575.183350
2576.270020
2577.349121
2578.431152
2579.508057
2580.584473
2581.664307
2582.734619
2583.797852
2584.870850
2585.928467
2586.990234
2588.046631
2589.096191
2590.146729
2591.190918
2592.232666
2593.270264
2594.300293
2595.329102
2596.356201
2597.378662
2598.401855
2599.411133
2600.422363
2601.429688
2602.440674
2603.444824
2604.442627
2605.441162
2606.434814
2607.427246
2608.419922
2609.409424
2610.395996
2611.379883
2612.363770
2613.344971
2614.320557
2615.308350
2616.283691
2617.255127
2618.237549
2619.212402
2620.187256
2621.161865
2622.140381
2623.107422
2624.084961
2625.058838
2626.030762
2627.002197
2627.983398
2628.953857
2629.931641
2630.908203
2631.884766
2632.863037
2633.845947
2634.822998
2635.800049
2636.783447
2637.766113
2638.745605
2639.731201
2640.722168
2641.702637
2642.683105
2643.679443
2644.671631
2645.658447
2646.649658
2647.642334
2648.638672
2649.634033
2650.628174
2651.624756
2652.619873
2653.624512
2654.621826
2655.623535
2656.626465
2657.624756
2658.630859
2659.633301
2660.640381
2661.647705
2662.654541
2663.658936
2664.667480
2665.679688
2666.690186
2667.695068
2668.709717
2669.727295
2670.742920
2671.747803
2672.763184
2673.775635
2674.788086
2675.800049
2676.813477
2677.833984
2678.842773
2679.853271
2680.877441
2681.888916
2682.908203
2683.922363
2684.935303
2685.953613
2686.963867
2687.984619
2689.000244
2690.019287
2691.031494
2692.047119
2693.062500
2694.076904
2695.094482
2696.107422
2697.124756
2698.138428
2699.152344
2700.167236
2701.185791
2702.197510
2703.211914
2704.228271
2705.244873
2706.257812
2707.265137
2708.284912
2709.300781
2710.315918
2711.325195
2712.342773
2713.359619
2714.371094
2715.386963
2715.395020
2715.411621
2715.425293
2715.439697
2715.456787
2715.466309
2715.486328
2715.497559
2715.510498
2715.526611
2715.548828
2715.556396
2715.581787
2715.594238
2715.607422
2715.628418
2715.641846
2715.667236
2715.682861
2715.703857
2715.732422
2715.749023
2715.770752
2715.792969
2715.821777
2715.843262
2715.867676
2715.893311
2715.921631
2715.953857
2715.982422
2716.013916
2716.042969
2716.077637
2716.111816
2716.153320
2716.184326
2716.221436
2716.263672
2716.301025
2716.338867
2716.380127
2716.427002
2716.466309
2716.512939
2716.559570
2716.596191
2716.647705
2716.690186
2716.739990
2716.786377
2716.825684
2716.882080
2716.924561
2716.975586
2717.025146
2717.069092
2717.115234
2717.164551
2717.213623
2717.258057
2717.306885
2717.351318
2717.395508
2717.440918
2717.481689
2717.526123
2717.572510
2717.604004
2717.651123
2717.684814
2717.719238
2717.749756
2717.781738
2717.814941
2717.847168
2717.873779
2717.901123
2717.924805
2717.944336
2717.959961
2717.978516
2717.990234
2718.000000
2718.003906
2718.008057
2718.007812
2718.001465
2717.990967
2717.977295
2717.968018
2717.937256
2717.913818
2717.882080
2717.848877
2717.809326
2717.760010
2717.707764
2717.656006
2717.592285
2717.527344
2717.462891
2717.390625
2717.321289
2717.241455
2717.156982
2717.078369
2716.995361
2716.908203
2716.814453
2716.726807
2716.637695
2716.544922
2716.455811
2716.371094
2716.285889
2716.186768
2716.114258
2716.026123
2715.951660
2715.870605
2715.798096
2715.726807
2715.651611
2715.590820
2715.524658
2715.467041
2715.406982
2715.355469
2715.303711
2715.262695
2715.217285
2715.173828
2715.131348
2715.105957
2715.067383
2715.039307
2715.018311
2714.986084
2714.968018
2714.947510
2714.928711
2714.913330
2714.906006
2714.888672
2714.881104
2714.876709
2714.869873
2714.861084
2714.861084
2714.858643
2714.857666
2714.861328
2714.859863
2714.864014
2714.866455
2714.869141
2714.874023
2714.882080
2714.889893
2714.895508
2714.906250
2714.909668
2714.917725
2714.923584
2714.935059
2714.954590
2714.956787
2714.967285
2714.979248
2714.992920
2715.003418
2715.020752
2715.024170
2715.043457
2715.055176
2715.061768
2715.080078
2715.087646
2715.109863
2715.126953
2715.133057
2715.147949
2715.166016
2715.182617
2715.195312
2715.210938
2715.220215
2715.239014
2715.250244
2715.267578
2715.282715
2715.298584
2715.315674
2715.331299
2715.344482
2715.364258
2715.380127
2715.395996
2715.408203
2715.431641
2715.452881
2715.466553
2715.484863
2715.503418
2715.525146
2715.543701
2715.563232
2715.580078
2715.602539
2715.628174
2715.644043
2715.667236
2715.685303
2715.709717
2715.734863
2715.758057
2715.778809
2715.805420
2715.832520
2715.857910
2715.878906
2715.906494
2715.936523
2715.961670
2715.992188
2716.016602
2716.045898
2716.076172
2716.106689
2716.134033
2716.168457
2716.194580
2716.230225
2716.260986
2716.295410
2716.325439
2716.365234
2716.394287
2716.427979
2716.463135
2716.498535
2716.532715
2716.568848
2716.603516
2716.632812
2716.673096
2716.705322
2716.743408
2716.775879
2716.810059
2716.847168
2716.880127
2716.917725
2716.950928
2716.983398
2717.017822
2717.043701
2717.081055
2717.107422
2717.140381
2717.166016
2717.194824
2717.224365
2717.243652
2717.273926
2717.297607
2717.319824
2717.335449
2717.358398
2717.374268
2717.389648
2717.403809
2717.419434
2717.429199
2717.433838
2717.446045
2717.449951
2717.457275
2717.451172
2717.451660
2717.454346
2717.443359
2717.442383
2717.430908
2717.420410
2717.410156
2717.390869
2717.378662
2717.355957
2717.335938
2717.307373
2717.287354
2717.254883
2717.229736
2717.197754
2717.163574
2717.134033
2717.093506
2717.051758
2717.020508
2716.979004
2716.933105
2716.890869
2716.849121
2716.802002
2716.761475
2716.710693
2716.664307
2716.617920
2716.569336
2716.522217
2716.471924
2716.421631
2716.371826
2716.323730
2716.274170
2716.221680
2716.178467
2716.125977
2716.084961
2716.034424
2715.986328
2715.943359
2715.898682
2715.856689
2715.810547
2715.771240
2715.728271
2715.693115
2715.652344
2715.617432
2715.576660
2715.540527
2715.510254
2715.476562
2715.451416
2715.415771
2715.391357
2715.362305
2715.336426
2715.312744
2715.287109
2715.270020
2715.241943
2715.227295
2715.211182
2715.190674
2715.178711
2715.164795
2715.151367
2715.138672
2715.133301
2715.126221
2715.107178
2715.104492
2715.098633
2715.093994
2715.088135
2715.086426
2715.082031
2715.082520
2715.085693
2715.085205
2715.080811
2715.083496
2715.083740
2715.093018
2715.095215
2715.099854
2715.105957
2715.114258
2715.121826
2715.122314
2715.138672
2715.146484
2715.153320
2715.160156
2715.175293
2715.185059
2715.195068
2715.205811
2715.222168
2715.231201
2715.244873
2715.253174
2715.268799
2715.283203
2715.297363
2715.315674
2715.326904
2715.341553
2715.360107
2715.370850
2715.392090
2715.409180
2715.424072
2715.445312
2715.461914
2715.471924
2715.496338
2715.514893
2715.535156
2715.546875
2715.570312
2715.598877
2715.611572
2715.634521
2715.654297
2715.681152
2715.699219
2715.720459
2715.741211
2715.767090
2715.795654
2715.817139
2715.843262
2715.860596
2715.889160
2715.913330
2715.935547
2715.964111
2715.992188
2716.017822
2716.041260
2716.068359
2716.095947
2716.120361
2716.150146
2716.176514
2716.203857
2716.228027
2716.260010
2716.288330
2716.312500
2716.349854
2716.373535
2716.401855
2716.425049
2716.452881
2716.482910
2716.509521
2716.540039
2716.563477
2716.587891
2716.615967
2716.642578
2716.671875
2716.701660
2716.723389
2716.747559
2716.770752
2716.795410
2716.822998
2716.842773
2716.866699
2716.884766
2716.910645
2716.929443
2716.945801
2716.963867
2716.987305
2717.000000
2717.018311
2717.033203
2717.046387
2717.059326
2717.069580
2717.081787
2717.093750
2717.095703
2717.107178
2717.109131
2717.115479
2717.119873
2717.121338
2717.121826
2717.122803
2717.119385
2717.116943
2717.113770
2717.107178
2717.101562
2717.097412
2717.083496
2717.075684
2717.064697
2717.048584
2717.033936
2717.024170
2717.002686
2716.979248
2716.965332
2716.941895
2716.922852
2716.901855
2716.873535
2716.855469
2716.824219
2716.802246
2716.778320
2716.751221
2716.718506
2716.683105
2716.659912
2716.626465
2716.599609
2716.571289
2716.531738
2716.497314
2716.469971
2716.439209
2716.404541
2716.371094
2716.333496
2716.298340
2716.268066
2716.231934
2716.196045
2716.166748
2716.130859
2716.098389
2716.068604
2716.035645
2716.000488
2715.969971
2715.936768
2715.906006
2715.873047
2715.844482
2715.815430
2715.785400
2715.751221
2715.725098
2715.698975
2715.671387
2715.645020
2715.623779
2715.595459
2715.574463
2715.551514
2715.528320
2715.506348
2715.484131
2715.469971
2715.447510
2715.430908
2715.414062
2715.399170
2715.384766
2715.371338
2715.350586
2715.343018
2715.330322
2715.320557
2715.308838
2715.299805
2715.296387
2715.287109
2715.281494
2715.274902
2715.272461
2715.265625
2715.264160
2715.263672
2715.256836
2715.256592
2715.252930
2715.254150
2715.260010
2715.257080
2715.261963
2715.262939
2715.265625
2715.273682
2715.274902
2715.286377
2715.289795
2715.298340
2715.304199
2715.307373
2715.318604
2715.328857
2715.338379
2715.351807
2715.359375
2715.370605
2715.382812
2715.393311
2715.402344
2715.421631
2715.430420
2715.451416
2715.460205
2715.475586
2715.493164
2715.508789
2715.520752
2715.537842
2715.552979
2715.573730
2715.592773
2715.610840
2715.628662
2715.645264
2715.663330
2715.685059
2715.708252
2715.725586
2715.747314
2715.765137
2715.787109
2715.812500
2715.826904
2715.850586
2715.871338
2715.898682
2715.917480
2715.940186
2715.960693
2715.987549
2716.007080
2716.030518
2716.053955
2716.076660
2716.106201
2716.127441
2716.147949
2716.172119
2716.194092
2716.219971
2716.246338
2716.264893
2716.293213
2716.310791
2716.335938
2716.359863
2716.379883
2716.398193
2716.428467
2716.447266
2716.468506
2716.491455
2716.511963
2716.533691
2716.558105
2716.575195
2716.595947
2716.615967
2716.632080
2716.650879
2716.669434
2716.687744
2716.707031
2716.717773
2716.737549
2716.752197
2716.763672
2716.779785
2716.793213
2716.807373
2716.815186
2716.830811
2716.842773
2716.846436
2716.857178
2716.864990
2716.871338
2716.876465
2716.888672
2716.888428
2716.891113
2716.892090
2716.896973
2716.899658
2716.898682
2716.896973
2716.900879
2716.894775
2716.890869
2716.886963
2716.884521
2716.874023
2716.869629
2716.859619
2716.846924
2716.842041
2716.827148
2716.815918
2716.806641
2716.792725
2716.780518
2716.766846
2716.752441
2716.732178
2716.722168
2716.698730
2716.678467
2716.661133
2716.641113
2716.623291
2716.604736
2716.579102
2716.556396
2716.535156
2716.511719
2716.482422
2716.463135
2716.439697
2716.416992
2716.397949
2716.368408
2716.338867
2716.318115
2716.293701
2716.263428
2716.239258
2716.215332
2716.189453
2716.158447
2716.142090
2716.110596
2716.086426
2716.069336
2716.037109
2716.015869
2715.990479
2715.968506
2715.940186
2715.916260
2715.892822
2715.865967
2715.849854
2715.824463
2715.809082
2715.776611
2715.761475
2715.739014
2715.718506
2715.700684
2715.680908
2715.663818
2715.645752
2715.632568
2715.612305
2715.596680
2715.582764
2715.563965
2715.548584
2715.536621
2715.520508
2715.517090
2715.501953
2715.491943
2715.485840
2715.469971
2715.461182
2715.454346
2715.450195
2715.438477
2715.437988
2715.429443
2715.427490
2715.419189
2715.412354
2715.411377
2715.411133
2715.406738
2715.402588
2715.406982
2715.403076
2715.402832
2715.406006
2715.408691
2715.408691
2715.406494
2715.416260
2715.418213
2715.420898
2715.428223
2715.436279
2715.439453
2715.441650
2715.455566
2715.459717
2715.463135
2715.480469
2715.488281
2715.499023
2715.511230
2715.519043
2715.531250
2715.545898
2715.554199
2715.568115
2715.582031
2715.593750
2715.610840
2715.625000
2715.640869
2715.653809
2715.668701
2715.687012
2715.702637
2715.720703
2715.734619
2715.750244
2715.772705
2715.788086
2715.805420
2715.825439
2715.837402
2715.858643
2715.880371
2715.895020
2715.913086
2715.936035
2715.952881
2715.971924
2715.990479
2716.009521
2716.032471
2716.049072
2716.069824
2716.097168
2716.107910
2716.130859
2716.154053
2716.166260
2716.188232
2716.207275
2716.226318
2716.247314
2716.266357
2716.290283
2716.306152
2716.326660
2716.339111
2716.363770
2716.376709
2716.394043
2716.412598
2716.434570
2716.447021
2716.462402
2716.481689
2716.496338
2716.511719
2716.521973
2716.541504
2716.556396
2716.564697
2716.579590
2716.594727
2716.607178
2716.616455
2716.631592
2716.644775
2716.649414
2716.663086
2716.662842
2716.681641
2716.689941
2716.694580
2716.701904
2716.709229
2716.710693
2716.716797
2717.720703
2718.725830
2719.727295
2720.731934
2721.733643
2722.734375
2723.737305
2724.732666
2725.729980
2726.731934
2727.727539
2728.720215
2729.719482
2730.712646
2731.711426
2732.699219
2733.694580
2734.691406
2735.681152
2736.669922
2737.663086
2738.657471
2739.644287
2740.629883
2741.621338
2742.608643
2743.596680
2744.586426
2745.573730
2746.559326
2747.544189
2748.525635
2749.513428
2750.497559
2751.481934
2752.464111
2753.447754
2754.428223
2755.412842
2756.396973
2757.379150
2758.360107
2759.341309
2760.318359
2761.298584
2762.284668
2763.268311
2764.239258
2765.220947
2766.205566
2767.181885
2768.161865
2769.143555
2770.121582
2770.104980
2770.082764
2770.065430
2770.044678
2770.026611
2770.007568
2769.984619
2769.968750
2769.952393
2769.932129
2769.912354
2769.895996
2769.876221
2769.865234
2769.840332
2769.825684
2769.809082
2769.796143
2769.780273
2769.765381
2769.748047
2769.734619
2769.719971
2769.701172
2769.692383
2769.681641
2769.669189
2769.656982
2769.649170
2769.631104
2769.631104
2769.621826
2769.602783
2769.596924
2769.595459
2769.580811
2769.578613
2769.570801
2769.560547
2769.561768
2769.557617
2769.555176
2769.555176
2769.554199
2769.555908
2769.562012
2769.560547
2769.569580
2769.577148
2769.585693
2769.601562
2769.610107
2769.627197
2769.644043
2769.665283
2769.691650
2769.711182
2769.739990
2769.775879
2769.803711
2769.839844
2769.879639
2769.917480
2769.964600
2770.005615
2770.053223
2770.099609
2770.150146
2770.206299
2770.260742
2770.315674
2770.368408
2770.433105
2770.484131
2770.547852
2770.606445
2770.666016
2770.722168
2770.779785
2770.841553
2770.899170
2770.953613
2771.010498
2771.067871
2771.125488
2771.177979
2771.226807
2771.281006
2771.336914
2771.385010
2771.432373
2771.488525
2771.539307
2771.586426
2771.639160
2771.685791
2771.731201
2771.780762
2771.833984
2771.876465
2771.929199
2771.979736
2772.026611
2772.073975
2772.122559
2772.166992
2772.212402
2772.262451
2772.309814
2772.355957
2772.396240
2772.444336
2772.488770
2772.530273
2772.573242
2772.609375
2772.641602
2772.674316
2772.706543
2772.732910
2772.759033
2772.778320
2772.795654
2772.810303
2772.827637
2772.828125
2772.832764
2772.834961
2772.825684
2772.815430
2772.801025
2772.785645
2772.760986
2772.736572
2772.704346
2772.678223
2772.638428
2772.600098
2772.561035
2772.507568
2772.460693
2772.409912
2772.358398
2772.306396
2772.243408
2772.187012
2772.130859
2772.063232
2772.007812
2771.948730
2771.877686
2771.822754
2771.762451
2771.694336
2771.645020
2771.584229
2771.524170
2771.469238
2771.406250
2771.351807
2771.299805
2771.249268
2771.199219
2771.148682
2771.102051
2771.049561
2771.009033
2770.967529
2770.922607
2770.885010
2770.844238
2770.807861
2770.772705
2770.737549
2770.703369
2770.673584
2770.640381
2770.613037
2770.581299
2770.556396
2770.527832
2770.505371
2770.480957
2770.454590
2770.425537
2770.407471
2770.383057
2770.362549
2770.346924
2770.320068
2770.303467
2770.289795
2770.261475
2770.242920
2770.227295
2770.202637
2770.183350
2770.173340
2770.151611
2770.134521
2770.118408
2770.106689
2770.085938
2770.069336
2770.057861
2770.036621
2770.020996
2770.008301
2769.994141
2769.978271
2769.965088
2769.949463
2769.934814
2769.923828
2769.908203
2769.894043
2769.884766
2769.868652
2769.862305
2769.851074
2769.838867
2769.833740
2769.823730
2769.817383
2769.808105
2769.799316
2769.794678
2769.787354
2769.781982
2769.775879
2769.777100
2769.770508
2769.772705
2769.775635
2769.772949
2769.774170
2769.779541
2769.780273
2769.787354
2769.789795
2769.801025
2769.809082
2769.812256
2769.825439
2769.838379
2769.853760
2769.861084
2769.875000
2769.894775
2769.907471
2769.933105
2769.949951
2769.967285
2769.993652
2770.017578
2770.039795
2770.064941
2770.088867
2770.114502
2770.145508
2770.175537
2770.203857
2770.233398
2770.267090
2770.299561
2770.342285
2770.373779
2770.406494
2770.448975
2770.486816
2770.522705
2770.569824
2770.601318
2770.641602
2770.688721
2770.728760
2770.767578
2770.816406
2770.853027
2770.901855
2770.946289
2770.986084
2771.032471
2771.080566
2771.121094
2771.164062
2771.210693
2771.254395
2771.298340
2771.338623
2771.382812
2771.426758
2771.464600
2771.514160
2771.553955
2771.593262
2771.637207
2771.673828
2771.712402
2771.755371
2771.788818
2771.829102
2771.861328
2771.896484
2771.927490
2771.958252
2771.990967
2772.020264
2772.052979
2772.076172
2772.098145
2772.121826
2773.145996
2774.166504
2775.185791
2776.208496
2777.218506
2778.231445
2779.242676
2780.260986
2781.265625
2782.274170
2783.280029
2784.275391
2785.280029
2786.284912
2787.277588
2788.271484
2789.271484
2790.263916
2791.251465
2792.244385
2793.227539
2793.213623
2793.193115
2793.175293
2793.159668
2793.134521
2793.110596
2793.093018
2793.062988
2793.034668
2793.011963
2792.980469
2792.946533
2792.922363
2792.889404
2792.856201
2792.824463
2792.790771
2792.752930
2792.719482
2792.685303
2792.647705
2792.609863
2792.575195
2792.535400
2792.497803
2792.463135
2792.425781
2792.388916
2792.350342
2792.312988
2792.276367
2792.238281
2792.204346
2792.162842
2792.127197
2792.093994
2792.057617
2792.018311
2791.988525
2791.953125
2791.913330
2791.890625
2791.849365
2791.815918
2791.785400
2791.757080
2791.727539
2791.700928
2791.666504
2791.639160
2791.614990
2791.587646
2791.562500
2791.544189
2791.520264
2791.496826
2791.480957
2791.462646
2791.447021
2791.429443
2791.424072
2791.412109
2791.405518
2791.402344
2791.404297
2791.406006
2791.416260
2791.433105
2791.440186
2791.452637
2791.476807
2791.497070
2791.521484
2791.546631
2791.581787
2791.615479
2791.648682
2791.688965
2791.724365
2791.770264
2791.803955
2791.844727
2791.887451
2791.929443
2791.972412
2792.005371
2792.048828
2792.082031
2792.114014
2792.147949
2792.174316
2792.194336
2792.221924
2792.243164
2792.261475
2792.275879
2792.284912
2792.294189
2792.298340
2792.299316
2792.298340
2792.297363
2792.285645
2792.280518
2792.268066
2792.257812
2792.241211
2792.225830
2792.210693
2792.191650
2792.177979
2792.158203
2792.140869
2792.116455
2792.104736
2792.086914
2792.065674
2792.050293
2792.027100
2792.013916
2791.999512
2791.985840
2791.973145
2791.964355
2791.955078
2791.945557
2791.935059
2791.933838
2791.932373
2791.922607
2791.929932
2791.930420
2791.932373
2791.933838
2791.937256
2791.942139
2791.955078
2791.961426
2791.973389
2791.988037
2791.997314
2792.017578
2792.038330
2792.049561
2792.072510
2792.094482
2792.106689
2792.130127
2792.157227
2792.174805
2792.199219
2792.226074
2792.246094
2792.275879
2792.301270
2792.327881
2792.355469
2792.376709
2792.406982
2792.434814
2792.458984
2792.489014
2792.512451
2792.538574
2792.562744
2792.597900
2792.615967
2792.639893
2792.662109
2792.689453
2792.706055
2792.729248
2792.757568
2792.768799
2792.792969
2792.808350
2792.829590
2792.847900
2792.863037
2792.876709
2792.891602
2792.902832
2792.912842
2792.929688
2792.933105
2792.938965
2792.946045
2792.952637
2792.955811
2792.964600
2792.963135
2792.962402
2792.969482
2792.962891
2792.960205
2792.960449
2792.951416
2792.942871
2792.935303
2792.932617
2792.919434
2792.914795
2792.896484
2792.883057
2792.872070
2792.855469
2792.842285
2792.829102
2792.804443
2792.791260
2792.775391
2792.753174
2792.729004
2792.708496
2792.686768
2792.661133
2792.644775
2792.616211
2792.589355
2792.566895
2792.541992
2792.515869
2792.492676
2792.466309
2792.438965
2792.413818
2792.387451
2792.361816
2792.330078
2792.304932
2792.283447
2792.255127
2792.229492
2792.204590
2792.177246
2792.150879
2792.130859
2792.104736
2792.079102
2792.056396
2792.036621
2792.010498
2791.992676
2791.966309
2791.950684
2791.931396
2791.913574
2791.896729
2791.883789
2791.866943
2791.851807
2791.839111
2791.830322
2791.815186
2791.804688
2791.795166
2791.788086
2791.788086
2791.778809
2791.771484
2791.771973
2791.764160
2791.761230
2791.767090
2791.763916
2791.767334
2791.770996
2791.775635
2791.781738
2791.785400
2791.793213
2791.799316
2791.801758
2791.809570
2791.818604
2791.826904
2791.838379
2791.847656
2791.857178
2791.860840
2791.874023
2791.882324
2791.893555
2791.901611
2791.913330
2791.920654
2791.930664
2791.941406
2791.951416
2791.962402
2791.969482
2791.977539
2791.982422
2791.992920
2792.002686
2792.006104
2792.016846
2792.023193
2792.024658
2792.029053
2792.037598
2792.040771
2792.046631
2792.048096
2792.052490
2792.054199
2792.061768
2792.059082
2792.059326
2792.063232
2792.065918
2792.066895
2792.065430
2792.070068
2792.068848
2792.068115
2792.067627
2792.070068
2792.068848
2792.073975
2792.075195
2792.075684
2792.074951
2792.083740
2792.081055
2792.088135
2792.093018
2792.098877
2792.097412
2792.103027
2792.107910
2792.117432
2792.122070
2792.122314
2792.134033
2792.148193
2792.146973
2792.157471
2792.166504
2792.176270
2792.188721
2792.200439
2792.207520
2792.220215
2792.236084
2792.249756
2792.264404
2792.272949
2792.290771
2792.300537
2792.317383
2792.333984
2792.346191
2792.365234
2792.377930
2792.389160
2792.409180
2792.425049
2792.438232
2792.455811
2792.471680
2792.482666
2792.496094
2792.518799
2792.533203
2792.546875
2792.563721
2792.572998
2792.589355
2792.603027
2792.611328
2792.630859
2792.640381
2792.651367
2792.665527
2792.673828
2792.684326
2792.695068
2792.704834
2792.714111
2792.719727
2792.728516
2792.734863
2792.737549
2792.742920
2792.745117
2792.750732
2792.756104
2792.755127
2792.757812
2792.761963
2792.761475
2792.761475
2792.756104
2792.755127
2792.755859
2792.747803
2792.743408
2792.740967
2792.727295
2792.727783
2792.720459
2792.707031
2792.699463
2792.691650
2792.681885
2792.669678
2792.655762
2792.647461
2792.630615
2792.618652
2792.604980
2792.591064
2792.580811
2792.567139
2792.548584
2792.534912
2792.519775
2792.500244
2792.489014
2792.472168
2792.451904
2792.433838
2792.420410
2792.402344
2792.380127
2792.367920
2792.347168
2792.331543
2792.310547
2792.292480
2792.276611
2792.257568
2792.241455
2792.228516
2792.207764
2792.189697
2792.178955
2792.156738
2792.141113
2792.130371
2792.115967
2792.104736
2792.084717
2792.075195
2792.061279
2792.049805
2792.036621
2792.023193
2792.014404
2792.006104
2791.987549
2791.983398
2791.979492
2791.965576
2791.954102
2791.950439
2791.944336
2791.937988
2791.934082
2791.927246
2791.923828
2791.922363
2791.914062
2791.917725
2791.912354
2791.912598
2791.908691
2791.908691
2791.908936
2791.909668
2791.904297
2791.909912
2791.910645
2791.908447
2791.908936
2791.913330
2791.913574
2791.916992
2791.921143
2791.924561
2791.920654
2791.927246
2791.932129
2791.936035
2791.935059
2791.940186
2791.942383
2791.947510
2791.953857
2791.958740
2791.965088
2791.966309
2791.972412
2791.977051
2791.985107
2791.988770
2791.988281
2791.998291
2791.996582
2792.002686
2792.006836
2792.013916
2792.018555
2792.021973
2792.024170
2792.032471
2792.038818
2792.041992
2792.043701
2792.053955
2792.057617
2792.062500
2792.066895
2792.072266
2792.074951
2792.082520
2792.089355
2792.091309
2792.098633
2792.102051
2792.110840
2792.114746
2792.123779
2792.130859
2792.134766
2792.135986
2792.148926
2792.159668
2792.165283
2792.178467
2792.180908
2792.187012
2792.193848
2792.208252
2792.215088
2792.219238
2792.227783
2792.238037
2792.248535
2792.259521
2792.266357
2792.274414
2792.283936
2792.299316
2792.304443
2792.310547
2792.325195
2792.337158
2792.343262
2792.357422
2792.365967
2792.374512
2792.386963
2792.395264
2792.405518
2792.419189
2792.431396
2792.437744
2792.446289
2792.461914
2792.468750
2792.479736
2792.489258
2792.496826
2792.504883
2792.508545
2792.525146
2792.532471
2792.538818
2792.546875
2792.555420
2792.561768
2792.572021
2792.576416
2792.586914
2792.594238
2792.593994
2792.603027
2792.607422
2792.612305
2792.617676
2792.613770
2792.623535
2792.622803
2792.619873
2792.624512
2792.629639
2792.626221
2792.627686
2792.627197
2792.625000
2792.625000
2792.622314
2792.624756
2792.615723
2792.614746
2792.614746
2792.607422
2792.603760
2792.604004
2792.594238
2792.589600
2792.585938
2792.570801
2792.565674
2792.560303
2792.552246
2792.540039
2792.539795
2792.525146
2792.512451
2792.512939
2792.499268
2792.483398
2792.479492
2792.461426
2792.458496
2792.444092
2792.434082
2792.418213
2792.403809
2792.400146
2792.383057
2792.366699
2792.364014
2792.348145
2792.334961
2792.321289
2792.312988
2792.298584
2792.285645
2792.278564
2792.260010
2792.254639
2792.240234
2792.219971
2792.217285
2792.207764
2792.191162
2792.179688
2792.171875
2792.155518
2792.147949
2792.142822
2792.123779
2792.120361
2792.105469
2792.099609
2792.094971
2792.083252
2792.071533
2792.062012
2792.058105
2792.047363
2792.042236
2792.039795
2792.033203
2792.025635
2792.021240
2792.014648
2792.006592
2792.005859
2792.005615
2791.995361
2791.994141
2791.988525
2791.987061
2791.985352
2791.976562
2791.977295
2791.977783
2791.973389
2791.969238
2791.974609
2791.970947
2791.975342
2791.972412
2791.969971
2791.974365
2791.970703
2791.968750
2791.974609
2791.975342
2791.979004
2791.977295
2791.979004
2791.980225
2791.979492
2791.986816
2791.991943
2791.988281
2791.994385
2791.999512
2792.002197
2792.005127
2792.006836
2792.007568
2792.016357
2792.018799
